# all fluxes: LP_Rosseland + TP_OffResonance + Primakoff
# Columns: Energy [keV] |  Flux [cm^-2 s^-1 keV^-1]
1.000000e-03 5.625017e-08
1.018629e-03 8.163692e-08
1.037605e-03 1.064481e-07
1.056935e-03 1.303345e-07
1.076624e-03 1.537109e-07
1.096681e-03 1.771086e-07
1.117111e-03 2.006340e-07
1.137921e-03 2.246865e-07
1.159120e-03 2.493931e-07
1.180713e-03 2.749060e-07
1.202708e-03 3.012013e-07
1.225114e-03 3.284430e-07
1.247936e-03 3.567466e-07
1.271184e-03 3.861558e-07
1.294865e-03 4.167132e-07
1.318987e-03 4.485251e-07
1.343558e-03 4.816268e-07
1.368587e-03 5.160272e-07
1.394083e-03 5.516937e-07
1.420053e-03 5.886864e-07
1.446507e-03 6.271526e-07
1.473454e-03 6.670778e-07
1.500903e-03 7.086236e-07
1.528864e-03 7.516098e-07
1.557345e-03 7.961154e-07
1.586357e-03 8.423261e-07
1.615909e-03 8.900324e-07
1.646012e-03 9.390900e-07
1.676675e-03 9.898009e-07
1.707910e-03 1.041824e-06
1.739726e-03 1.095081e-06
1.772136e-03 1.149857e-06
1.805149e-03 1.205691e-06
1.838777e-03 1.262670e-06
1.873032e-03 1.320336e-06
1.907924e-03 1.378219e-06
1.943467e-03 1.436845e-06
1.979672e-03 1.495673e-06
2.016551e-03 1.553898e-06
2.054117e-03 1.611318e-06
2.092383e-03 1.667843e-06
2.131362e-03 1.722912e-06
2.171068e-03 1.775867e-06
2.211512e-03 1.826336e-06
2.252711e-03 1.873725e-06
2.294676e-03 1.917532e-06
2.337424e-03 1.956000e-06
2.380968e-03 1.989494e-06
2.425323e-03 2.017614e-06
2.470504e-03 2.039394e-06
2.516527e-03 2.053077e-06
2.563407e-03 2.058642e-06
2.611161e-03 2.056041e-06
2.659804e-03 2.045188e-06
2.709354e-03 2.024731e-06
2.759826e-03 1.995966e-06
2.811239e-03 1.957773e-06
2.863610e-03 1.912300e-06
2.916956e-03 1.860409e-06
2.971296e-03 1.802758e-06
3.026648e-03 1.743921e-06
3.083031e-03 1.687756e-06
3.140465e-03 1.637042e-06
3.198969e-03 1.599195e-06
3.258562e-03 1.575909e-06
3.319266e-03 1.582329e-06
3.381101e-03 1.603619e-06
3.444087e-03 1.633415e-06
3.508247e-03 1.667302e-06
3.573602e-03 1.703736e-06
3.640175e-03 1.742029e-06
3.707988e-03 1.781843e-06
3.777064e-03 1.823003e-06
3.847427e-03 1.865352e-06
3.919100e-03 1.908913e-06
3.992109e-03 1.953539e-06
4.066478e-03 1.999258e-06
4.142232e-03 2.046048e-06
4.219398e-03 2.093926e-06
4.298001e-03 2.142894e-06
4.378069e-03 2.193012e-06
4.459628e-03 2.244269e-06
4.542706e-03 2.296704e-06
4.627332e-03 2.350361e-06
4.713535e-03 2.405245e-06
4.801343e-03 2.461394e-06
4.890787e-03 2.518545e-06
4.981898e-03 2.577438e-06
5.074705e-03 2.637428e-06
5.169242e-03 2.698536e-06
5.265540e-03 2.760783e-06
5.363631e-03 2.824188e-06
5.463550e-03 2.888775e-06
5.565331e-03 2.954566e-06
5.669007e-03 3.021581e-06
5.774615e-03 3.089846e-06
5.882190e-03 3.159381e-06
5.991770e-03 3.230213e-06
6.103390e-03 3.302364e-06
6.217090e-03 3.375859e-06
6.332908e-03 3.450723e-06
6.450884e-03 3.526981e-06
6.571058e-03 3.604661e-06
6.693470e-03 3.683787e-06
6.818162e-03 3.764387e-06
6.945178e-03 3.846489e-06
7.074559e-03 3.930121e-06
7.206351e-03 4.015310e-06
7.340598e-03 4.102087e-06
7.477346e-03 4.190480e-06
7.616642e-03 4.280519e-06
7.758532e-03 4.372236e-06
7.903066e-03 4.465662e-06
8.050292e-03 4.560828e-06
8.200261e-03 4.657767e-06
8.353023e-03 4.756511e-06
8.508632e-03 4.857095e-06
8.667139e-03 4.959553e-06
8.828599e-03 5.063920e-06
8.993067e-03 5.170231e-06
9.160598e-03 5.278523e-06
9.331251e-03 5.388831e-06
9.505083e-03 5.501195e-06
9.682153e-03 1.631940e-05
9.862522e-03 2.330796e-05
1.004625e-02 3.315598e-05
1.023340e-02 4.864364e-05
1.042404e-02 7.813828e-05
1.061823e-02 1.697549e-04
1.081604e-02 8.050971e-04
1.101753e-02 2.141963e-03
1.122277e-02 3.330519e-03
1.143184e-02 3.914716e-03
1.164481e-02 3.738255e-03
1.186174e-02 2.876333e-03
1.208271e-02 1.665333e-03
1.230780e-02 5.894544e-04
1.253708e-02 1.413485e-04
1.277063e-02 7.499645e-05
1.300854e-02 4.812159e-05
1.325087e-02 3.103164e-05
1.349772e-02 1.930995e-05
1.374917e-02 1.221111e-05
1.400531e-02 9.061429e-06
1.426621e-02 8.578896e-06
1.453198e-02 8.750918e-06
1.480269e-02 8.926486e-06
1.507845e-02 9.106119e-06
1.535935e-02 9.290850e-06
1.564548e-02 9.482673e-06
1.593694e-02 9.685510e-06
1.623382e-02 9.906025e-06
1.653624e-02 1.015698e-05
1.684430e-02 1.046048e-05
1.715809e-02 1.085037e-05
1.747773e-02 1.138528e-05
1.780332e-02 1.215610e-05
1.813498e-02 1.329948e-05
1.847281e-02 1.501715e-05
1.881694e-02 1.765298e-05
1.916748e-02 2.158243e-05
1.952456e-02 2.742768e-05
1.988828e-02 3.610181e-05
2.025878e-02 4.872117e-05
2.063618e-02 6.682490e-05
2.102061e-02 9.270542e-05
2.141220e-02 1.286270e-04
2.181109e-02 1.790599e-04
2.221741e-02 2.470737e-04
2.263130e-02 3.384836e-04
2.305289e-02 4.613403e-04
2.348235e-02 6.252853e-04
2.391980e-02 8.367948e-04
2.436540e-02 1.114090e-03
2.481930e-02 1.462907e-03
2.528166e-02 1.907391e-03
2.575263e-02 2.480282e-03
2.623238e-02 3.181354e-03
2.672106e-02 4.103673e-03
2.721885e-02 5.180979e-03
2.772591e-02 6.435053e-03
2.824241e-02 7.983532e-03
2.876854e-02 9.954779e-03
2.930447e-02 1.215091e-02
2.985038e-02 1.504327e-02
3.040646e-02 1.850640e-02
3.097291e-02 2.237900e-02
3.154990e-02 2.725969e-02
3.213764e-02 3.219418e-02
3.273634e-02 3.796373e-02
3.334618e-02 4.552959e-02
3.396739e-02 5.390436e-02
3.460016e-02 6.275280e-02
3.524473e-02 7.356569e-02
3.590130e-02 8.590256e-02
3.657011e-02 9.873720e-02
3.725137e-02 1.131314e-01
3.794533e-02 1.309986e-01
3.865221e-02 1.500407e-01
3.937226e-02 1.727167e-01
4.010573e-02 1.959243e-01
4.085286e-02 2.220084e-01
4.161391e-02 2.466096e-01
4.238913e-02 2.768234e-01
4.317880e-02 3.104830e-01
4.398317e-02 3.496323e-01
4.480254e-02 3.865165e-01
4.563716e-02 4.305269e-01
4.648734e-02 4.709566e-01
4.735335e-02 5.305746e-01
4.823549e-02 5.795272e-01
4.913407e-02 6.317029e-01
5.004939e-02 6.920084e-01
5.098176e-02 7.626131e-01
5.193150e-02 8.273344e-01
5.289893e-02 9.092273e-01
5.388438e-02 9.711945e-01
5.488820e-02 1.042767e+00
5.591071e-02 1.134785e+00
5.695227e-02 1.233254e+00
5.801323e-02 1.310221e+00
5.909396e-02 1.394466e+00
6.019482e-02 1.512075e+00
6.131619e-02 1.600101e+00
6.245845e-02 1.698611e+00
6.362198e-02 1.805002e+00
6.480720e-02 1.924937e+00
6.601449e-02 2.013290e+00
6.724427e-02 2.145540e+00
6.849697e-02 2.243551e+00
6.977300e-02 2.391286e+00
7.107280e-02 2.496642e+00
7.239681e-02 2.637588e+00
7.374549e-02 2.723898e+00
7.511929e-02 2.840822e+00
7.651869e-02 2.947916e+00
7.794416e-02 3.094269e+00
7.939618e-02 3.212729e+00
8.087525e-02 3.319216e+00
8.238187e-02 3.436555e+00
8.391656e-02 3.537635e+00
8.547985e-02 3.608794e+00
8.707225e-02 3.781538e+00
8.869432e-02 3.980945e+00
9.034660e-02 3.876740e+00
9.202967e-02 3.949217e+00
9.374409e-02 4.134773e+00
9.549045e-02 3.973647e+00
9.726934e-02 4.384432e+00
9.908137e-02 4.586874e+00
1.009272e-01 4.478857e+00
1.028073e-01 4.636396e+00
1.047225e-01 4.463557e+00
1.066734e-01 4.592501e+00
1.086606e-01 4.770902e+00
1.106848e-01 4.677981e+00
1.127468e-01 4.694168e+00
1.148472e-01 4.833476e+00
1.169866e-01 4.845002e+00
1.191660e-01 5.024770e+00
1.213859e-01 4.835831e+00
1.236472e-01 4.907661e+00
1.259506e-01 4.699905e+00
1.282970e-01 4.656902e+00
1.306870e-01 4.594304e+00
1.331216e-01 4.626610e+00
1.356015e-01 4.458935e+00
1.381276e-01 4.449966e+00
1.407008e-01 4.445648e+00
1.433219e-01 4.453907e+00
1.459919e-01 4.105409e+00
1.487115e-01 3.999542e+00
1.514819e-01 3.791242e+00
1.543038e-01 3.863065e+00
1.571784e-01 3.685743e+00
1.601064e-01 3.472684e+00
1.630891e-01 3.347232e+00
1.661273e-01 3.178388e+00
1.692220e-01 3.064295e+00
1.723745e-01 2.877092e+00
1.755856e-01 2.769964e+00
1.788566e-01 2.540135e+00
1.821885e-01 2.331909e+00
1.855825e-01 2.134873e+00
1.890397e-01 1.985183e+00
1.925614e-01 1.791304e+00
1.961486e-01 1.629668e+00
1.998026e-01 1.450098e+00
2.035248e-01 1.288346e+00
2.073162e-01 1.131249e+00
2.111783e-01 9.666269e-01
2.151123e-01 8.462596e-01
2.191197e-01 7.014173e-01
2.232016e-01 5.923056e-01
2.273597e-01 4.899507e-01
2.315951e-01 4.076153e-01
2.359095e-01 3.215090e-01
2.403043e-01 2.515740e-01
2.447809e-01 1.947019e-01
2.493409e-01 1.480472e-01
2.539859e-01 1.122503e-01
2.587174e-01 8.418332e-02
2.635371e-01 6.479984e-02
2.684465e-01 5.068563e-02
2.734474e-01 4.256055e-02
2.785414e-01 3.960153e-02
2.837304e-01 3.893012e-02
2.890160e-01 4.037808e-02
2.944000e-01 4.236077e-02
2.998844e-01 4.461791e-02
3.054710e-01 4.691711e-02
3.111616e-01 4.925913e-02
3.169582e-01 5.164479e-02
3.228628e-01 5.416100e-02
3.288774e-01 5.691146e-02
3.350041e-01 5.971316e-02
3.412449e-01 6.256705e-02
3.476019e-01 6.547411e-02
3.540774e-01 6.873039e-02
3.606735e-01 7.204934e-02
3.673925e-01 7.543013e-02
3.742366e-01 7.887389e-02
3.812083e-01 8.269335e-02
3.883098e-01 8.658733e-02
3.955436e-01 9.055386e-02
4.029122e-01 9.467961e-02
4.104181e-01 9.912591e-02
4.180637e-01 1.036550e-01
4.258518e-01 1.082686e-01
4.337850e-01 1.132302e-01
4.418660e-01 1.183620e-01
4.500975e-01 1.235894e-01
4.584824e-01 1.290858e-01
4.670234e-01 1.348608e-01
4.757236e-01 1.407433e-01
4.845859e-01 1.468778e-01
4.936132e-01 1.533371e-01
5.028087e-01 1.599166e-01
5.121755e-01 1.667893e-01
5.217169e-01 1.739746e-01
5.314359e-01 1.812938e-01
5.413360e-01 1.890002e-01
5.514206e-01 1.969542e-01
5.616930e-01 2.050808e-01
5.721568e-01 2.136866e-01
5.828155e-01 2.224526e-01
5.936727e-01 2.315736e-01
6.047322e-01 2.410201e-01
6.159978e-01 2.506931e-01
6.274732e-01 2.608356e-01
6.391624e-01 2.711671e-01
6.510694e-01 2.819711e-01
6.631981e-01 2.930271e-01
6.755528e-01 3.044926e-01
6.881377e-01 3.162877e-01
7.009570e-01 3.284604e-01
7.140151e-01 3.410085e-01
7.273165e-01 3.539286e-01
7.408657e-01 3.672430e-01
7.546673e-01 3.809450e-01
7.687260e-01 3.950385e-01
7.830465e-01 4.095513e-01
7.976339e-01 4.244359e-01
8.124930e-01 4.397837e-01
8.276289e-01 4.554721e-01
8.430468e-01 4.716707e-01
8.587519e-01 4.882266e-01
8.747496e-01 5.052334e-01
8.910453e-01 5.226654e-01
9.076446e-01 5.404901e-01
9.245531e-01 5.587996e-01
9.417766e-01 5.775060e-01
9.593209e-01 5.966344e-01
9.771921e-01 6.162145e-01
9.953962e-01 6.362023e-01
1.013939e+00 6.566079e-01
1.032828e+00 6.774484e-01
1.052069e+00 6.986946e-01
1.071668e+00 7.203492e-01
1.091632e+00 7.424090e-01
1.111968e+00 7.648599e-01
1.132683e+00 7.876966e-01
1.153783e+00 8.109135e-01
1.175277e+00 8.345028e-01
1.197171e+00 8.584318e-01
1.219473e+00 8.826977e-01
1.242191e+00 9.072920e-01
1.265332e+00 9.321995e-01
1.288904e+00 9.574029e-01
1.312915e+00 9.828828e-01
1.337373e+00 1.008618e+00
1.362287e+00 1.034587e+00
1.387665e+00 1.060763e+00
1.413516e+00 1.087113e+00
1.439848e+00 1.113623e+00
1.466671e+00 1.140267e+00
1.493993e+00 1.167015e+00
1.521825e+00 1.193825e+00
1.550175e+00 1.220667e+00
1.579053e+00 1.247511e+00
1.608469e+00 1.274325e+00
1.638434e+00 1.301075e+00
1.668956e+00 1.327726e+00
1.700047e+00 1.354244e+00
1.731717e+00 1.380592e+00
1.763977e+00 1.406678e+00
1.796838e+00 1.432461e+00
1.830312e+00 1.457953e+00
1.864409e+00 1.483122e+00
1.899141e+00 1.507824e+00
1.934520e+00 1.532049e+00
1.970558e+00 1.555821e+00
2.007267e+00 1.578977e+00
2.044661e+00 1.601521e+00
2.082751e+00 1.623454e+00
2.121550e+00 1.644572e+00
2.161073e+00 1.665031e+00
2.201331e+00 1.684532e+00
2.242340e+00 1.703269e+00
2.284112e+00 1.720971e+00
2.326663e+00 1.737750e+00
2.370006e+00 1.753482e+00
2.414157e+00 1.768082e+00
2.459130e+00 1.781593e+00
2.504942e+00 1.793901e+00
2.551606e+00 1.804918e+00
2.599140e+00 1.814675e+00
2.647559e+00 1.823115e+00
2.696881e+00 1.830184e+00
2.747121e+00 1.835829e+00
2.798297e+00 1.839982e+00
2.850426e+00 1.842650e+00
2.903527e+00 1.843796e+00
2.957617e+00 1.843388e+00
3.012714e+00 1.841403e+00
3.068838e+00 1.837799e+00
3.126007e+00 1.832551e+00
3.184242e+00 1.825667e+00
3.243561e+00 1.817143e+00
3.303985e+00 1.806977e+00
3.365535e+00 1.795126e+00
3.428231e+00 1.781609e+00
3.492096e+00 1.766475e+00
3.557150e+00 1.748300e+00
3.623416e+00 1.729882e+00
3.690917e+00 1.709846e+00
3.759675e+00 1.688270e+00
3.829714e+00 1.665126e+00
3.901058e+00 1.640506e+00
3.973730e+00 1.614441e+00
4.047757e+00 1.586953e+00
4.123163e+00 1.558122e+00
4.199973e+00 1.528004e+00
4.278214e+00 1.496661e+00
4.357913e+00 1.464158e+00
4.439097e+00 1.430569e+00
4.521792e+00 1.395971e+00
4.606029e+00 1.360443e+00
4.691835e+00 1.324070e+00
4.779239e+00 1.286937e+00
4.868271e+00 1.249135e+00
4.958962e+00 1.210754e+00
5.051342e+00 1.171892e+00
5.145444e+00 1.132637e+00
5.241298e+00 1.093095e+00
5.338938e+00 1.053351e+00
5.438397e+00 1.013508e+00
5.539709e+00 9.736679e-01
5.642908e+00 9.339176e-01
5.748030e+00 8.943527e-01
5.855110e+00 8.550656e-01
5.964185e+00 8.161458e-01
6.075292e+00 7.776785e-01
6.188468e+00 7.397432e-01
6.303753e+00 7.024412e-01
6.421186e+00 6.658237e-01
6.540806e+00 6.299734e-01
6.662655e+00 5.949517e-01
6.786773e+00 5.608278e-01
6.913204e+00 5.276456e-01
7.041990e+00 4.954603e-01
7.173175e+00 4.643215e-01
7.306804e+00 4.342650e-01
7.442922e+00 4.053255e-01
7.581576e+00 3.775289e-01
7.722814e+00 3.508916e-01
7.866682e+00 3.254239e-01
8.013230e+00 3.011550e-01
8.162509e+00 2.780645e-01
8.314568e+00 2.561686e-01
8.469460e+00 2.354518e-01
8.627237e+00 2.159013e-01
8.787954e+00 1.975019e-01
8.951665e+00 1.802307e-01
9.118425e+00 1.640614e-01
9.288292e+00 1.489719e-01
9.461324e+00 1.349220e-01
9.637579e+00 1.218808e-01
9.817117e+00 1.098066e-01
1.000000e+01 9.887171e-02
