# 2026-05-16 | 21:59:11 | Calculation performed with SolarAxionFlux v1.1; g_agamma = 5.000000e-11 GeV^-1, g_ae = 1.000000e-13.
# Spectral flux over full solar volume.
# Columns: energy values [keV] | axion flux [cm^-2 s^-1 keV^-1] | axion flux error estimate [cm^-2 s^-1 keV^-1]
1.00000000e-03 3.59872055e+06 1.16549969e+03
1.69990000e-02 6.03149306e+07 1.99093257e+04
3.29980000e-02 1.14987388e+08 3.88067683e+04
4.89970000e-02 1.67318362e+08 5.78785798e+04
6.49960000e-02 2.17193427e+08 7.71334328e+04
8.09950000e-02 2.64585402e+08 9.65357758e+04
9.69940000e-02 3.09515868e+08 1.16080095e+05
1.12993000e-01 3.52035326e+08 1.35761468e+05
1.28992000e-01 3.92211729e+08 1.55566572e+05
1.44991000e-01 4.30123396e+08 1.75482418e+05
1.60990000e-01 4.65854458e+08 1.95496506e+05
1.76989000e-01 4.99491839e+08 2.15596802e+05
1.92988000e-01 5.31123226e+08 2.35771648e+05
2.08987000e-01 5.60835701e+08 2.56009663e+05
2.24986000e-01 5.88714810e+08 2.76299654e+05
2.40985000e-01 6.14843943e+08 2.96630542e+05
2.56984000e-01 6.39303929e+08 3.16991312e+05
2.72983000e-01 6.62172786e+08 3.37370976e+05
2.88982000e-01 6.83525573e+08 3.57758559e+05
3.04981000e-01 7.03434332e+08 3.78143084e+05
3.20980000e-01 7.21968077e+08 3.98513585e+05
3.36979000e-01 7.39192824e+08 4.18859110e+05
3.52978000e-01 7.55171652e+08 4.39168741e+05
3.68977000e-01 7.69964783e+08 4.59431613e+05
3.84976000e-01 7.83629669e+08 4.79636935e+05
4.00975000e-01 7.96221097e+08 4.99774014e+05
4.16974000e-01 8.07791290e+08 5.19832278e+05
4.32973000e-01 8.18390015e+08 5.39801298e+05
4.48972000e-01 8.28064692e+08 5.59670811e+05
4.64971000e-01 8.36860495e+08 5.79430736e+05
4.80970000e-01 8.44820458e+08 5.99071200e+05
4.96969000e-01 8.51985578e+08 6.18582549e+05
5.12968000e-01 8.58394910e+08 6.37955366e+05
5.28967000e-01 8.64085660e+08 6.57180483e+05
5.44966000e-01 8.69093278e+08 6.76193194e+05
5.60965000e-01 8.73451540e+08 6.94923017e+05
5.76964000e-01 8.77192637e+08 7.13473408e+05
5.92963000e-01 8.80347245e+08 7.31836571e+05
6.08962000e-01 8.82944606e+08 7.50002301e+05
6.24961000e-01 8.85012597e+08 7.67926123e+05
6.40960000e-01 8.86577798e+08 7.85639411e+05
6.56959000e-01 8.87665553e+08 8.03135594e+05
6.72958000e-01 8.88300035e+08 8.20408403e+05
6.88957000e-01 8.88504300e+08 8.37451868e+05
7.04956000e-01 8.88300345e+08 8.54260322e+05
7.20955000e-01 8.87709155e+08 8.70828392e+05
7.36954000e-01 8.86640176e+08 3.96314322e+05
7.52953000e-01 8.85331246e+08 3.93251105e+05
7.68952000e-01 8.83692507e+08 3.90008613e+05
7.84951000e-01 8.81741375e+08 3.86600051e+05
8.00950000e-01 8.79494478e+08 3.83038067e+05
8.16949000e-01 8.76967691e+08 3.79334767e+05
8.32948000e-01 8.74176175e+08 3.75501730e+05
8.48947000e-01 8.71134409e+08 3.71550023e+05
8.64946000e-01 8.67856223e+08 3.67490217e+05
8.80945000e-01 8.64354824e+08 3.63332396e+05
8.96944000e-01 8.60642832e+08 3.59086140e+05
9.12943000e-01 8.56732302e+08 3.54760672e+05
9.28942000e-01 8.52634751e+08 3.50364725e+05
9.44941000e-01 8.48361184e+08 3.45906614e+05
9.60940000e-01 8.43922115e+08 3.41394245e+05
9.76939000e-01 8.39327592e+08 3.36835130e+05
9.92938000e-01 8.34587217e+08 3.32236402e+05
1.00893700e+00 8.29710164e+08 3.27604831e+05
1.02493600e+00 8.24705201e+08 3.22895309e+05
1.04093500e+00 8.19580707e+08 3.18154133e+05
1.05693400e+00 8.14344689e+08 3.13400844e+05
1.07293300e+00 8.09004799e+08 3.08640843e+05
1.08893200e+00 8.03568348e+08 3.03879227e+05
1.10493100e+00 7.98042325e+08 2.99120801e+05
1.12093000e+00 7.92433406e+08 2.94370090e+05
1.13692900e+00 7.86747970e+08 2.89631348e+05
1.15292800e+00 7.80992113e+08 2.84908574e+05
1.16892700e+00 7.75171658e+08 2.80205516e+05
1.18492600e+00 7.69292168e+08 2.75525688e+05
1.20092500e+00 7.63358958e+08 2.70872376e+05
1.21692400e+00 7.57377103e+08 2.66248650e+05
1.23292300e+00 7.51351451e+08 2.61657371e+05
1.24892200e+00 7.45286629e+08 2.57101203e+05
1.26492100e+00 7.39187058e+08 2.52582617e+05
1.28092000e+00 7.33056957e+08 2.48103908e+05
1.29691900e+00 7.26900352e+08 2.43667193e+05
1.31291800e+00 7.20721086e+08 2.39274426e+05
1.32891700e+00 7.14522826e+08 2.34927404e+05
1.34491600e+00 7.08309070e+08 2.30627772e+05
1.36091500e+00 7.02083152e+08 2.26377033e+05
1.37691400e+00 6.95848255e+08 2.22176554e+05
1.39291300e+00 6.89607409e+08 2.18027571e+05
1.40891200e+00 6.83363504e+08 2.13931198e+05
1.42491100e+00 6.77119293e+08 2.09888429e+05
1.44091000e+00 6.70877398e+08 2.05900149e+05
1.45690900e+00 6.64640314e+08 2.01967136e+05
1.47290800e+00 6.58410417e+08 1.98090068e+05
1.48890700e+00 6.52189968e+08 1.94269527e+05
1.50490600e+00 6.45981115e+08 1.90506005e+05
1.52090500e+00 6.39785902e+08 1.86799898e+05
1.53690400e+00 6.33606270e+08 1.83151537e+05
1.55290300e+00 6.27444063e+08 1.79561176e+05
1.56890200e+00 6.21301031e+08 1.76028990e+05
1.58490100e+00 6.15178833e+08 1.72555087e+05
1.60090000e+00 6.09079043e+08 1.69139511e+05
1.61689900e+00 6.03003153e+08 1.65782243e+05
1.63289800e+00 5.96952574e+08 1.62483209e+05
1.64889700e+00 5.90928642e+08 1.59242282e+05
1.66489600e+00 5.84932619e+08 1.56059282e+05
1.68089500e+00 5.78965698e+08 1.52933982e+05
1.69689400e+00 5.73029005e+08 1.49866113e+05
1.71289300e+00 5.67123601e+08 1.46855364e+05
1.72889200e+00 5.61250486e+08 1.43901382e+05
1.74489100e+00 5.55410599e+08 1.41003782e+05
1.76089000e+00 5.49604824e+08 1.38141772e+05
1.77688900e+00 5.43833989e+08 1.35334514e+05
1.79288800e+00 5.38098872e+08 1.32581305e+05
1.80888700e+00 5.32400199e+08 1.29877175e+05
1.82488600e+00 5.26738648e+08 1.27228329e+05
1.84088500e+00 5.21114852e+08 1.24634167e+05
1.85688400e+00 5.15529399e+08 1.22094069e+05
1.87288300e+00 5.09982835e+08 1.19607397e+05
1.88888200e+00 5.04475666e+08 1.17173496e+05
1.90488100e+00 4.99008357e+08 1.14791699e+05
1.92088000e+00 4.93581338e+08 1.12461323e+05
1.93687900e+00 4.88195003e+08 1.10181676e+05
1.95287800e+00 4.82849711e+08 1.07952055e+05
1.96887700e+00 4.77545788e+08 1.05771749e+05
1.98487600e+00 4.72283529e+08 1.03640039e+05
2.00087500e+00 4.67063200e+08 1.01556198e+05
2.01687400e+00 4.61885038e+08 9.95194980e+04
2.03287300e+00 4.56749250e+08 9.75292034e+04
2.04887200e+00 4.51656019e+08 9.55845770e+04
2.06487100e+00 4.46605502e+08 9.36848793e+04
2.08087000e+00 4.41597833e+08 9.18293698e+04
2.09686900e+00 4.36633121e+08 9.00173074e+04
2.11286800e+00 4.31711454e+08 8.82479516e+04
2.12886700e+00 4.26832900e+08 8.65205632e+04
2.14486600e+00 4.21997504e+08 8.48344048e+04
2.16086500e+00 4.17205294e+08 8.31887416e+04
2.17686400e+00 4.12456279e+08 8.15828421e+04
2.19286300e+00 4.07750450e+08 8.00159786e+04
2.20886200e+00 4.03087782e+08 7.84874276e+04
2.22486100e+00 3.98468233e+08 7.69964707e+04
2.24086000e+00 3.93891747e+08 7.55423945e+04
2.25685900e+00 3.89358252e+08 7.41244916e+04
2.27285800e+00 3.84867664e+08 7.27420607e+04
2.28885700e+00 3.80419883e+08 7.13944070e+04
2.30485600e+00 3.76014800e+08 7.00808427e+04
2.32085500e+00 3.71652291e+08 6.88006871e+04
2.33685400e+00 3.67332221e+08 6.75532670e+04
2.35285300e+00 3.63054447e+08 6.63379157e+04
2.36885200e+00 3.58818811e+08 6.51539772e+04
2.38485100e+00 3.54625150e+08 6.40008024e+04
2.40085000e+00 3.50473288e+08 6.28777506e+04
2.41684900e+00 3.46363042e+08 6.17841896e+04
2.43284800e+00 3.42294222e+08 6.07194960e+04
2.44884700e+00 3.38266627e+08 5.96830555e+04
2.46484600e+00 3.34280050e+08 5.86742625e+04
2.48084500e+00 3.30334278e+08 5.76925207e+04
2.49684400e+00 3.26429090e+08 5.67372430e+04
2.51284300e+00 3.22564260e+08 5.58078516e+04
2.52884200e+00 3.18739554e+08 5.49037779e+04
2.54484100e+00 3.14954734e+08 5.40244628e+04
2.56084000e+00 3.11209557e+08 5.31693567e+04
2.57683900e+00 3.07503775e+08 5.23379191e+04
2.59283800e+00 3.03837134e+08 5.15296192e+04
2.60883700e+00 3.00209378e+08 5.07439355e+04
2.62483600e+00 2.96620245e+08 4.99803560e+04
2.64083500e+00 2.93069470e+08 4.92383779e+04
2.65683400e+00 2.89556785e+08 4.85175079e+04
2.67283300e+00 2.86081919e+08 4.78172620e+04
2.68883200e+00 2.82644596e+08 4.71371652e+04
2.70483100e+00 2.79244541e+08 4.64707974e+04
2.72083000e+00 2.75881473e+08 4.58236947e+04
2.73682900e+00 2.72555110e+08 4.51955623e+04
2.75282800e+00 2.69265169e+08 4.45859530e+04
2.76882700e+00 2.66011363e+08 4.39944290e+04
2.78482600e+00 2.62793405e+08 4.34205612e+04
2.80082500e+00 2.59611006e+08 4.28639297e+04
2.81682400e+00 2.56463877e+08 4.23241232e+04
2.83282300e+00 2.53351724e+08 4.18007395e+04
2.84882200e+00 2.50274257e+08 4.12933848e+04
2.86482100e+00 2.47231181e+08 4.08016735e+04
2.88082000e+00 2.44222204e+08 4.03252289e+04
2.89681900e+00 2.41247030e+08 3.98636822e+04
2.91281800e+00 2.38305365e+08 3.94166726e+04
2.92881700e+00 2.35396913e+08 3.89838476e+04
2.94481600e+00 2.32521380e+08 3.85648623e+04
2.96081500e+00 2.29678470e+08 3.81593795e+04
2.97681400e+00 2.26867888e+08 3.77670696e+04
2.99281300e+00 2.24089339e+08 3.73876104e+04
3.00881200e+00 2.21342529e+08 3.70206870e+04
3.02481100e+00 2.18627163e+08 3.66659916e+04
3.04081000e+00 2.15942947e+08 3.63232234e+04
3.05680900e+00 2.13289589e+08 3.59920886e+04
3.07280800e+00 2.10666796e+08 3.56722998e+04
3.08880700e+00 2.08074276e+08 3.53635765e+04
3.10480600e+00 2.05511739e+08 3.50656445e+04
3.12080500e+00 2.02978894e+08 3.47782359e+04
3.13680400e+00 2.00475452e+08 3.45010889e+04
3.15280300e+00 1.98001126e+08 3.42339479e+04
3.16880200e+00 1.95555630e+08 3.39765630e+04
3.18480100e+00 1.93138676e+08 3.37286903e+04
3.20080000e+00 1.90749981e+08 3.34900911e+04
3.21679900e+00 1.88389262e+08 3.32605327e+04
3.23279800e+00 1.86056237e+08 3.30397874e+04
3.24879700e+00 1.83750626e+08 3.28276328e+04
3.26479600e+00 1.81472150e+08 3.26238518e+04
3.28079500e+00 1.79220532e+08 3.24282321e+04
3.29679400e+00 1.76995495e+08 3.22405662e+04
3.31279300e+00 1.74796766e+08 3.20606515e+04
3.32879200e+00 1.72624071e+08 3.18882900e+04
3.34479100e+00 1.70477140e+08 3.17232881e+04
3.36079000e+00 1.68355703e+08 3.15654566e+04
3.37678900e+00 1.66259492e+08 3.14146107e+04
3.39278800e+00 1.64188243e+08 3.12705697e+04
3.40878700e+00 1.62141689e+08 3.11331568e+04
3.42478600e+00 1.60119570e+08 3.10021994e+04
3.44078500e+00 1.58121624e+08 3.08775287e+04
3.45678400e+00 1.56147593e+08 3.07589793e+04
3.47278300e+00 1.54197220e+08 3.06463901e+04
3.48878200e+00 1.52270250e+08 3.05396029e+04
3.50478100e+00 1.50366429e+08 3.04384634e+04
3.52078000e+00 1.48485507e+08 3.03428204e+04
3.53677900e+00 1.46627234e+08 3.02525262e+04
3.55277800e+00 1.44791362e+08 3.01674361e+04
3.56877700e+00 1.42977647e+08 3.00874085e+04
3.58477600e+00 1.41185844e+08 3.00123051e+04
3.60077500e+00 1.39415712e+08 2.99419901e+04
3.61677400e+00 1.37667013e+08 2.98763309e+04
3.63277300e+00 1.35939507e+08 2.98151976e+04
3.64877200e+00 1.34232959e+08 2.97584630e+04
3.66477100e+00 1.32547136e+08 2.97060024e+04
3.68077000e+00 1.30881807e+08 2.96576940e+04
3.69676900e+00 1.29236741e+08 2.96129244e+04
3.71276800e+00 1.27611710e+08 2.95715003e+04
3.72876700e+00 1.26006490e+08 2.95338805e+04
3.74476600e+00 1.24420857e+08 2.94999524e+04
3.76076500e+00 1.22854588e+08 2.94696054e+04
3.77676400e+00 1.21307464e+08 2.94427312e+04
3.79276300e+00 1.19779268e+08 2.94192238e+04
3.80876200e+00 1.18269784e+08 2.93989791e+04
3.82476100e+00 1.16778799e+08 2.93818951e+04
3.84076000e+00 1.15306100e+08 2.93678719e+04
3.85675900e+00 1.13851477e+08 2.93568114e+04
3.87275800e+00 1.12414724e+08 2.93486176e+04
3.88875700e+00 1.10995634e+08 2.93418673e+04
3.90475600e+00 1.09594004e+08 2.93359327e+04
3.92075500e+00 1.08209632e+08 2.93326016e+04
3.93675400e+00 1.06842318e+08 2.93317840e+04
3.95275300e+00 1.05491864e+08 2.93333920e+04
3.96875200e+00 1.04158073e+08 2.93373391e+04
3.98475100e+00 1.02840753e+08 2.93435408e+04
4.00075000e+00 1.01539711e+08 2.93519140e+04
4.01674900e+00 1.00254757e+08 2.93623771e+04
4.03274800e+00 9.89857019e+07 2.93748503e+04
4.04874700e+00 9.77323600e+07 2.93892553e+04
4.06474600e+00 9.64945467e+07 2.94055150e+04
4.08074500e+00 9.52720793e+07 2.94235541e+04
4.09674400e+00 9.40647770e+07 2.94432986e+04
4.11274300e+00 9.28724610e+07 2.94646759e+04
4.12874200e+00 9.16949542e+07 2.94876148e+04
4.14474100e+00 9.05320814e+07 2.95120453e+04
4.16074000e+00 8.93836691e+07 2.95378991e+04
4.17673900e+00 8.82495458e+07 2.95651087e+04
4.19273800e+00 8.71295417e+07 2.95936083e+04
4.20873700e+00 8.60234889e+07 2.96233331e+04
4.22473600e+00 8.49312210e+07 2.96542196e+04
4.24073500e+00 8.38525736e+07 2.96862057e+04
4.25673400e+00 8.27873840e+07 2.97192301e+04
4.27273300e+00 8.17354913e+07 2.97532330e+04
4.28873200e+00 8.06967363e+07 2.97881556e+04
4.30473100e+00 7.96709613e+07 2.98239403e+04
4.32073000e+00 7.86580106e+07 2.98605305e+04
4.33672900e+00 7.76577300e+07 2.98978708e+04
4.35272800e+00 7.66699671e+07 2.99359070e+04
4.36872700e+00 7.56945712e+07 2.99745856e+04
4.38472600e+00 7.47313930e+07 3.00138544e+04
4.40072500e+00 7.37802850e+07 3.00536624e+04
4.41672400e+00 7.28411015e+07 3.00939591e+04
4.43272300e+00 7.19136980e+07 3.01346956e+04
4.44872200e+00 7.09979320e+07 3.01758235e+04
4.46472100e+00 7.00936623e+07 3.02172956e+04
4.48072000e+00 6.92007495e+07 3.02590657e+04
4.49671900e+00 6.83190555e+07 3.03010884e+04
4.51271800e+00 6.74484441e+07 3.03433194e+04
4.52871700e+00 6.65887801e+07 3.03857152e+04
4.54471600e+00 6.57399304e+07 3.04282332e+04
4.56071500e+00 6.49017631e+07 3.04708318e+04
4.57671400e+00 6.40741476e+07 3.05134702e+04
4.59271300e+00 6.32569553e+07 3.05561085e+04
4.60871200e+00 6.24500586e+07 3.05987077e+04
4.62471100e+00 6.16533315e+07 3.06412297e+04
4.64071000e+00 6.08666496e+07 3.06836370e+04
4.65670900e+00 6.00898896e+07 3.07258932e+04
4.67270800e+00 5.93229298e+07 3.07679627e+04
4.68870700e+00 5.85656500e+07 3.08098105e+04
4.70470600e+00 5.78179312e+07 3.08514025e+04
4.72070500e+00 5.70796558e+07 3.08927056e+04
4.73670400e+00 5.63507076e+07 3.09336873e+04
4.75270300e+00 5.56309718e+07 3.09743157e+04
4.76870200e+00 5.49203348e+07 3.10145601e+04
4.78470100e+00 5.42186845e+07 3.10543902e+04
4.80070000e+00 5.35259098e+07 3.10937765e+04
4.81669900e+00 5.28419011e+07 3.11326904e+04
4.83269800e+00 5.21665502e+07 3.11711039e+04
4.84869700e+00 5.14997500e+07 3.12089897e+04
4.86469600e+00 5.08413946e+07 3.12463213e+04
4.88069500e+00 5.01913794e+07 3.12830728e+04
4.89669400e+00 4.95496011e+07 3.13192192e+04
4.91269300e+00 4.89159576e+07 3.13547359e+04
4.92869200e+00 4.82903479e+07 3.13895992e+04
4.94469100e+00 4.76726723e+07 3.14237859e+04
4.96069000e+00 4.70628322e+07 3.14572737e+04
4.97668900e+00 4.64607302e+07 3.14900407e+04
4.99268800e+00 4.58662701e+07 3.15220657e+04
5.00868700e+00 4.52793567e+07 3.15533283e+04
5.02468600e+00 4.46998961e+07 3.15838086e+04
5.04068500e+00 4.41277955e+07 3.16134874e+04
5.05668400e+00 4.35629631e+07 3.16423459e+04
5.07268300e+00 4.30053082e+07 3.16703662e+04
5.08868200e+00 4.24547412e+07 3.16975307e+04
5.10468100e+00 4.19111738e+07 3.17238227e+04
5.12068000e+00 4.13745183e+07 3.17492259e+04
5.13667900e+00 4.08446885e+07 3.17737246e+04
5.15267800e+00 4.03215990e+07 3.17973037e+04
5.16867700e+00 3.98051654e+07 3.18199485e+04
5.18467600e+00 3.92953044e+07 3.18416452e+04
5.20067500e+00 3.87919338e+07 3.18623802e+04
5.21667400e+00 3.82949722e+07 3.18821406e+04
5.23267300e+00 3.78043392e+07 3.19009140e+04
5.24867200e+00 3.73199556e+07 3.19186885e+04
5.26467100e+00 3.68417428e+07 3.19354528e+04
5.28067000e+00 3.63696235e+07 3.19511960e+04
5.29666900e+00 3.59035211e+07 3.19659078e+04
5.31266800e+00 3.54433601e+07 3.19795783e+04
5.32866700e+00 3.49890657e+07 3.19921981e+04
5.34466600e+00 3.45405642e+07 3.20037584e+04
5.36066500e+00 3.40977828e+07 3.20142508e+04
5.37666400e+00 3.36606494e+07 3.20236672e+04
5.39266300e+00 3.32290930e+07 3.20319620e+04
5.40866200e+00 3.28030433e+07 3.20363262e+04
5.42466100e+00 3.23824310e+07 3.20396031e+04
5.44066000e+00 3.19789613e+07 2.78091489e+04
5.45665900e+00 3.15689018e+07 2.75960462e+04
5.47265800e+00 3.11640776e+07 2.73848185e+04
5.48865700e+00 3.07644227e+07 2.71754166e+04
5.50465600e+00 3.03698717e+07 2.69677465e+04
5.52065500e+00 2.99803604e+07 2.67618021e+04
5.53665400e+00 2.95958250e+07 2.65575544e+04
5.55265300e+00 2.92162027e+07 2.63549670e+04
5.56865200e+00 2.88414314e+07 2.61540057e+04
5.58465100e+00 2.84714497e+07 2.59546387e+04
5.60065000e+00 2.81061972e+07 2.57568364e+04
5.61664900e+00 2.77456139e+07 2.55604265e+04
5.63264800e+00 2.73896409e+07 2.53652986e+04
5.64864700e+00 2.70382196e+07 2.51716836e+04
5.66464600e+00 2.66912927e+07 2.49795566e+04
5.68064500e+00 2.63488029e+07 2.47888943e+04
5.69664400e+00 2.60106943e+07 2.45996748e+04
5.71264300e+00 2.56769113e+07 2.44118775e+04
5.72864200e+00 2.53473989e+07 2.42254831e+04
5.74464100e+00 2.50221032e+07 2.40404734e+04
5.76064000e+00 2.47009705e+07 2.38568312e+04
5.77663900e+00 2.43839482e+07 2.36745405e+04
5.79263800e+00 2.40709839e+07 2.34935859e+04
5.80863700e+00 2.37620263e+07 2.33139532e+04
5.82463600e+00 2.34570244e+07 2.31356287e+04
5.84063500e+00 2.31559281e+07 2.29585997e+04
5.85663400e+00 2.28586876e+07 2.27828543e+04
5.87263300e+00 2.25655781e+07 2.12390584e+04
5.88863200e+00 2.22758989e+07 2.10118738e+04
5.90463100e+00 2.19899305e+07 2.07873285e+04
5.92063000e+00 2.17076256e+07 2.05653919e+04
5.93662900e+00 2.14289378e+07 2.03460345e+04
5.95262800e+00 2.11538210e+07 2.01292271e+04
5.96862700e+00 2.08822297e+07 1.99149415e+04
5.98462600e+00 2.06141192e+07 1.97031502e+04
6.00062500e+00 2.03494450e+07 1.94937886e+04
6.01662400e+00 2.00881634e+07 1.92867678e+04
6.03262300e+00 1.98302312e+07 1.90821701e+04
6.04862200e+00 1.95756058e+07 1.88799707e+04
6.06462100e+00 1.93242451e+07 1.86801450e+04
6.08062000e+00 1.90761073e+07 1.84826695e+04
6.09661900e+00 1.88311515e+07 1.82875209e+04
6.11261800e+00 1.85893371e+07 1.80946770e+04
6.12861700e+00 1.83506240e+07 1.79041163e+04
6.14461600e+00 1.81149726e+07 1.77158180e+04
6.16061500e+00 1.78823440e+07 1.75297620e+04
6.17661400e+00 1.76526996e+07 1.73459291e+04
6.19261300e+00 1.74260012e+07 1.71643011e+04
6.20861200e+00 1.72022114e+07 1.69848603e+04
6.22461100e+00 1.69812928e+07 1.68075902e+04
6.24061000e+00 1.67632090e+07 1.66324754e+04
6.25660900e+00 1.65479237e+07 1.64595013e+04
6.27260800e+00 1.63354011e+07 1.62886545e+04
6.28860700e+00 1.61256061e+07 1.61199228e+04
6.30460600e+00 1.59184992e+07 1.19615072e+04
6.32060500e+00 1.57140550e+07 1.18445201e+04
6.33660400e+00 1.55122351e+07 1.17290811e+04
6.35260300e+00 1.53130059e+07 1.16151899e+04
6.36860200e+00 1.51163343e+07 1.15028479e+04
6.38460100e+00 1.49221876e+07 1.13920585e+04
6.40060000e+00 1.47305335e+07 1.12828279e+04
6.41659900e+00 1.45413402e+07 1.11751646e+04
6.43259800e+00 1.43545761e+07 1.10689189e+04
6.44859700e+00 1.41702102e+07 1.09641436e+04
6.46459600e+00 1.39882118e+07 1.08607275e+04
6.48059500e+00 1.38085506e+07 1.07584784e+04
6.49659400e+00 1.36311967e+07 1.06577924e+04
6.51259300e+00 1.34561206e+07 1.05583678e+04
6.52859200e+00 1.32832931e+07 1.04596646e+04
6.54459100e+00 1.31126854e+07 1.03619878e+04
6.56059000e+00 1.29442692e+07 1.02655514e+04
6.57658900e+00 1.27780162e+07 1.01702863e+04
6.59258800e+00 1.26138989e+07 1.00753559e+04
6.60858700e+00 1.24518899e+07 9.97950451e+03
6.62458600e+00 1.22919622e+07 9.88459025e+03
6.64058500e+00 1.21340890e+07 9.79030907e+03
6.65658400e+00 1.19782442e+07 9.69646642e+03
6.67258300e+00 1.18244016e+07 9.60317961e+03
6.68858200e+00 1.16725357e+07 9.51090407e+03
6.70458100e+00 1.15226211e+07 9.41956102e+03
6.72058000e+00 1.13746327e+07 9.32686766e+03
6.73657900e+00 1.12285460e+07 9.23506698e+03
6.75257800e+00 1.10843364e+07 9.14427487e+03
6.76857700e+00 1.09419800e+07 9.05426905e+03
6.78457600e+00 1.08014530e+07 8.96456781e+03
6.80057500e+00 1.06627319e+07 8.87448562e+03
6.81657400e+00 1.05257935e+07 8.78397163e+03
6.83257300e+00 1.03906151e+07 8.69437496e+03
6.84857200e+00 1.02571739e+07 8.60492418e+03
6.86457100e+00 1.01254478e+07 8.51570441e+03
6.88057000e+00 9.99541465e+06 8.42746421e+03
6.89656900e+00 9.86705283e+06 8.34025314e+03
6.91256800e+00 9.74034085e+06 8.25344369e+03
6.92856700e+00 9.61525755e+06 8.16758013e+03
6.94456600e+00 9.49178202e+06 8.08262694e+03
6.96056500e+00 9.36989362e+06 7.99859433e+03
6.97656400e+00 9.24957198e+06 7.91533214e+03
6.99256300e+00 9.13079699e+06 7.83208746e+03
7.00856200e+00 9.01354879e+06 7.74951686e+03
7.02456100e+00 8.89780778e+06 7.66783878e+03
7.04056000e+00 8.78355460e+06 7.58692018e+03
7.05655900e+00 8.67077015e+06 7.50684033e+03
7.07255800e+00 8.55943556e+06 7.42650787e+03
7.08855700e+00 8.44953222e+06 7.34644139e+03
7.10455600e+00 8.34104175e+06 7.26673933e+03
7.12055500e+00 8.23394599e+06 7.18826098e+03
7.13655400e+00 8.12822703e+06 7.11100901e+03
7.15255300e+00 8.02386718e+06 7.03477053e+03
7.16855200e+00 7.92084899e+06 6.95963016e+03
7.18455100e+00 7.81915521e+06 6.88561630e+03
7.20055000e+00 7.71876883e+06 6.81269229e+03
7.21654900e+00 7.61967305e+06 6.74077375e+03
7.23254800e+00 7.52185128e+06 6.66969195e+03
7.24854700e+00 7.42528716e+06 6.59963097e+03
7.26454600e+00 7.32996452e+06 6.53056174e+03
7.28054500e+00 7.23586741e+06 6.46245738e+03
7.29654400e+00 7.14298007e+06 6.39529292e+03
7.31254300e+00 7.05128695e+06 6.32904510e+03
7.32854200e+00 6.96077271e+06 6.26369215e+03
7.34454100e+00 6.87142218e+06 6.19921368e+03
7.36054000e+00 6.78322042e+06 6.13559047e+03
7.37653900e+00 6.69615265e+06 6.07280443e+03
7.39253800e+00 6.61020430e+06 6.01083843e+03
7.40853700e+00 6.52536096e+06 5.94967624e+03
7.42453600e+00 6.44160844e+06 5.88930243e+03
7.44053500e+00 6.35893271e+06 5.82970232e+03
7.45653400e+00 6.27731992e+06 5.77086189e+03
7.47253300e+00 6.19675640e+06 5.71276776e+03
7.48853200e+00 6.11722867e+06 5.65540709e+03
7.50453100e+00 6.03872339e+06 5.59876759e+03
7.52053000e+00 5.96122743e+06 5.54277443e+03
7.53652900e+00 5.88472780e+06 5.48745348e+03
7.55252800e+00 5.80921169e+06 5.43282604e+03
7.56852700e+00 5.73466645e+06 5.37881709e+03
7.58452600e+00 5.66107958e+06 5.32547595e+03
7.60052500e+00 5.58843877e+06 5.27280126e+03
7.61652400e+00 5.51673185e+06 5.22078277e+03
7.63252300e+00 5.44594680e+06 5.16941057e+03
7.64852200e+00 5.37607176e+06 5.11867510e+03
7.66452100e+00 5.30709503e+06 5.06856710e+03
7.68052000e+00 5.23900505e+06 5.01907764e+03
7.69651900e+00 5.17179042e+06 4.97019805e+03
7.71251800e+00 5.10543986e+06 4.92191993e+03
7.72851700e+00 5.03994228e+06 4.87423514e+03
7.74451600e+00 4.97528669e+06 4.82713576e+03
7.76051500e+00 4.91146225e+06 4.78061412e+03
7.77651400e+00 4.84847195e+06 4.33884632e+03
7.79251300e+00 4.78627770e+06 4.28522651e+03
7.80851200e+00 4.72488294e+06 4.22651217e+03
7.82451100e+00 4.66427739e+06 4.16864347e+03
7.84051000e+00 4.60445089e+06 4.11160753e+03
7.85650900e+00 4.54539341e+06 4.05541834e+03
7.87250800e+00 4.48709507e+06 4.00036250e+03
7.88850700e+00 4.42954608e+06 3.94609375e+03
7.90450600e+00 4.37273682e+06 3.89260031e+03
7.92050500e+00 4.31665776e+06 3.83986729e+03
7.93650400e+00 4.26129950e+06 3.78792263e+03
7.95250300e+00 4.20665277e+06 3.73698904e+03
7.96850200e+00 4.15270841e+06 3.68677824e+03
7.98450100e+00 4.09945739e+06 3.63727281e+03
8.00050000e+00 4.04689078e+06 3.58846408e+03
8.01649900e+00 3.99499977e+06 3.54034741e+03
8.03249800e+00 3.94377567e+06 3.49311442e+03
8.04849700e+00 3.89320990e+06 3.44687960e+03
8.06449600e+00 3.84329399e+06 3.40134450e+03
8.08049500e+00 3.79401956e+06 3.35644829e+03
8.09649400e+00 3.74537838e+06 3.31218183e+03
8.11249300e+00 3.69736227e+06 3.26853573e+03
8.12849200e+00 3.64996322e+06 3.22550059e+03
8.14449100e+00 3.60317326e+06 3.18306870e+03
8.16049000e+00 3.55698456e+06 3.14131807e+03
8.17648900e+00 3.51138939e+06 3.10032271e+03
8.19248800e+00 3.46638010e+06 3.06001522e+03
8.20848700e+00 3.42194916e+06 3.02026895e+03
8.22448600e+00 3.37808912e+06 2.98107635e+03
8.24048500e+00 3.33479263e+06 2.94242994e+03
8.25648400e+00 3.29205245e+06 2.90432239e+03
8.27248300e+00 3.24986141e+06 2.86691706e+03
8.28848200e+00 3.20821244e+06 2.83013434e+03
8.30448100e+00 3.16709857e+06 2.79386353e+03
8.32048000e+00 3.12651291e+06 2.75809865e+03
8.33647900e+00 3.08644866e+06 2.72283431e+03
8.35247800e+00 3.04689912e+06 2.68806628e+03
8.36847700e+00 3.00785765e+06 2.65389576e+03
8.38447600e+00 2.96931773e+06 2.62028628e+03
8.40047500e+00 2.93127289e+06 2.58719771e+03
8.41647400e+00 2.89371676e+06 2.55457816e+03
8.43247300e+00 2.85664306e+06 2.52241071e+03
8.44847200e+00 2.82004557e+06 2.49068962e+03
8.46447100e+00 2.78391817e+06 2.45940634e+03
8.48047000e+00 2.74825480e+06 2.42868604e+03
8.49646900e+00 2.71304950e+06 2.39847953e+03
8.51246800e+00 2.67829637e+06 2.36868351e+03
8.52846700e+00 2.64398960e+06 2.33937662e+03
8.54446600e+00 2.61012343e+06 2.31061932e+03
8.56046500e+00 2.57669219e+06 2.28242406e+03
8.57646400e+00 2.54369030e+06 2.25477419e+03
8.59246300e+00 2.51111222e+06 2.22764916e+03
8.60846200e+00 2.47895250e+06 2.20092959e+03
8.62446100e+00 2.44720576e+06 2.17483553e+03
8.64046000e+00 2.41586668e+06 2.14916304e+03
8.65645900e+00 2.38493001e+06 2.12415319e+03
8.67245800e+00 2.35439059e+06 2.09972148e+03
8.68845700e+00 2.32424329e+06 2.07571959e+03
8.70445600e+00 2.29448308e+06 2.05218211e+03
8.72045500e+00 2.26510496e+06 2.02905975e+03
8.73645400e+00 2.23610403e+06 2.00628462e+03
8.75245300e+00 2.20747543e+06 1.98382277e+03
8.76845200e+00 2.17921437e+06 1.96182759e+03
8.78445100e+00 2.15131612e+06 1.94018239e+03
8.80045000e+00 2.12377601e+06 1.91879924e+03
8.81644900e+00 2.09658944e+06 1.89773618e+03
8.83244800e+00 2.06975185e+06 1.87722672e+03
8.84844700e+00 2.04325876e+06 1.85717207e+03
8.86444600e+00 2.01710573e+06 1.83735222e+03
8.88044500e+00 1.99128839e+06 1.81776420e+03
8.89644400e+00 1.96580242e+06 1.79840505e+03
8.91244300e+00 1.94064356e+06 1.77937757e+03
8.92844200e+00 1.91580759e+06 1.76073510e+03
8.94444100e+00 1.89129037e+06 1.74232283e+03
8.96044000e+00 1.86708780e+06 1.72423805e+03
8.97643900e+00 1.84319582e+06 1.70638042e+03
8.99243800e+00 1.81961044e+06 1.68872762e+03
9.00843700e+00 1.79632771e+06 1.67127499e+03
9.02443600e+00 1.77334375e+06 1.65401963e+03
9.04043500e+00 1.75065471e+06 1.63701871e+03
9.05643400e+00 1.72825297e+06 1.50289109e+03
9.07243300e+00 1.70614195e+06 1.70473573e+03
9.08843200e+00 1.68431516e+06 1.68037734e+03
9.10443100e+00 1.66276842e+06 1.65647901e+03
9.12043000e+00 1.64149810e+06 1.63304550e+03
9.13642900e+00 1.62050066e+06 1.61036442e+03
9.15242800e+00 1.59977260e+06 1.58826860e+03
9.16842700e+00 1.57931043e+06 1.56652290e+03
9.18442600e+00 1.55911076e+06 1.54532567e+03
9.20042500e+00 1.53917019e+06 1.52512875e+03
9.21642400e+00 1.51948539e+06 1.50552088e+03
9.23242300e+00 1.50005309e+06 1.48642967e+03
9.24842200e+00 1.48087003e+06 1.46799310e+03
9.26442100e+00 1.46193300e+06 1.45023608e+03
9.28042000e+00 1.44323884e+06 1.43274808e+03
9.29641900e+00 1.42478444e+06 1.41548149e+03
9.31241800e+00 1.40656669e+06 1.39868024e+03
9.32841700e+00 1.38858258e+06 1.38216641e+03
9.34441600e+00 1.37082908e+06 1.36585768e+03
9.36041500e+00 1.35330323e+06 1.34975142e+03
9.37641400e+00 1.33600211e+06 1.33414110e+03
9.39241300e+00 1.31892283e+06 1.31885230e+03
9.40841200e+00 1.30206298e+06 1.22590392e+03
9.42441100e+00 1.28541885e+06 1.21483027e+03
9.44041000e+00 1.26898811e+06 1.20385860e+03
9.45640900e+00 1.25276802e+06 1.19298806e+03
9.47240800e+00 1.23675587e+06 1.18221781e+03
9.48840700e+00 1.22094899e+06 1.17154700e+03
9.50440600e+00 1.20534473e+06 1.16097481e+03
9.52040500e+00 1.18994050e+06 1.15050043e+03
9.53640400e+00 1.17473285e+06 1.02970811e+03
9.55240300e+00 1.15972100e+06 1.01821416e+03
9.56840200e+00 1.14490156e+06 1.00685371e+03
9.58440100e+00 1.13027205e+06 9.95801915e+02
9.60040000e+00 1.11583004e+06 9.85042999e+02
9.61639900e+00 1.10157311e+06 9.74406000e+02
9.63239800e+00 1.08749890e+06 9.63926542e+02
9.64839700e+00 1.07360504e+06 9.53726020e+02
9.66439600e+00 1.05988922e+06 9.43638375e+02
9.68039500e+00 1.04634916e+06 9.33675668e+02
9.69639400e+00 1.03298259e+06 9.24017526e+02
9.71239300e+00 1.01978729e+06 9.14688247e+02
9.72839200e+00 1.00676309e+06 9.50110449e+02
9.74439100e+00 9.93903711e+05 9.40261638e+02
9.76039000e+00 9.81209085e+05 9.30667863e+02
9.77638900e+00 9.68677092e+05 9.21376972e+02
9.79238800e+00 9.56305642e+05 9.12291942e+02
9.80838700e+00 9.44093009e+05 8.49397870e+02
9.82438600e+00 9.32036480e+05 8.39499578e+02
9.84038500e+00 9.20134386e+05 8.29718830e+02
9.85638400e+00 9.08384743e+05 8.20061206e+02
9.87238300e+00 8.96785592e+05 8.10521550e+02
9.88838200e+00 8.85335000e+05 8.01105305e+02
9.90438100e+00 8.74031060e+05 7.91802564e+02
9.92038000e+00 8.62871887e+05 7.82618584e+02
9.93637900e+00 8.51855622e+05 7.73535652e+02
9.95237800e+00 8.40980430e+05 7.64541829e+02
9.96837700e+00 8.30244498e+05 7.55666048e+02
9.98437600e+00 8.19646039e+05 7.46904404e+02
1.00003750e+01 8.09183287e+05 7.38242808e+02
1.00163740e+01 7.98854499e+05 7.29694346e+02
1.00323730e+01 7.88657955e+05 7.21257328e+02
1.00483720e+01 7.78591957e+05 7.12925441e+02
1.00643710e+01 7.68654828e+05 7.04689835e+02
1.00803700e+01 7.58844914e+05 6.96548023e+02
1.00963690e+01 7.49160581e+05 6.88496941e+02
1.01123680e+01 7.39600216e+05 6.80550711e+02
1.01283670e+01 7.30162230e+05 6.72700751e+02
1.01443660e+01 7.20845049e+05 6.64945286e+02
1.01603650e+01 7.11647124e+05 6.57290717e+02
1.01763640e+01 7.02566922e+05 6.49735556e+02
1.01923630e+01 6.93602934e+05 6.42273398e+02
1.02083620e+01 6.84753668e+05 6.34902449e+02
1.02243610e+01 6.76017649e+05 6.27615694e+02
1.02403600e+01 6.67393426e+05 6.20413557e+02
1.02563590e+01 6.58879563e+05 6.13295895e+02
1.02723580e+01 6.50474644e+05 6.06258666e+02
1.02883570e+01 6.42177270e+05 5.99310967e+02
1.03043560e+01 6.33986062e+05 5.92447116e+02
1.03203550e+01 6.25899656e+05 5.85673419e+02
1.03363540e+01 6.17916707e+05 5.78988476e+02
1.03523530e+01 6.10035889e+05 5.72384828e+02
1.03683520e+01 6.02255891e+05 5.65864456e+02
1.03843510e+01 5.94575418e+05 5.59425363e+02
1.04003500e+01 5.86993194e+05 5.53069050e+02
1.04163490e+01 5.79507959e+05 5.46795795e+02
1.04323480e+01 5.72118467e+05 5.40604312e+02
1.04483470e+01 5.64823491e+05 5.34491756e+02
1.04643460e+01 5.57621818e+05 5.28456199e+02
1.04803450e+01 5.50512250e+05 5.22498974e+02
1.04963440e+01 5.43493608e+05 5.16614626e+02
1.05123430e+01 5.36564723e+05 5.10798087e+02
1.05283420e+01 5.29724444e+05 5.05054546e+02
1.05443410e+01 5.22971636e+05 4.99384847e+02
1.05603400e+01 5.16305176e+05 4.93787752e+02
1.05763390e+01 5.09723956e+05 4.88262345e+02
1.05923380e+01 5.03226884e+05 4.82807845e+02
1.06083370e+01 4.96812879e+05 4.77423734e+02
1.06243360e+01 4.90480878e+05 4.72108935e+02
1.06403350e+01 4.84229828e+05 4.66862395e+02
1.06563340e+01 4.78058691e+05 4.61681314e+02
1.06723330e+01 4.71966442e+05 4.56564200e+02
1.06883320e+01 4.65952070e+05 4.51512601e+02
1.07043310e+01 4.60495367e+05 4.58229378e+02
1.07203300e+01 4.54627984e+05 4.44615696e+02
1.07363290e+01 4.48835589e+05 4.31307454e+02
1.07523280e+01 4.43117221e+05 4.18299151e+02
1.07683270e+01 4.37471930e+05 4.05585375e+02
1.07843260e+01 4.31898781e+05 3.93160806e+02
1.08003250e+01 4.26396847e+05 3.81020207e+02
1.08163240e+01 4.20965217e+05 3.69158429e+02
1.08323230e+01 4.15602989e+05 3.57570408e+02
1.08483220e+01 4.10309274e+05 3.46251162e+02
1.08643210e+01 4.05083194e+05 3.35195795e+02
1.08803200e+01 3.99923881e+05 3.24399487e+02
1.08963190e+01 3.94830481e+05 3.13857503e+02
1.09123180e+01 3.89802149e+05 3.03565184e+02
1.09283170e+01 3.84838050e+05 2.93517950e+02
1.09443160e+01 3.79937361e+05 2.83711298e+02
1.09603150e+01 3.75099271e+05 2.74140801e+02
1.09763140e+01 3.70322978e+05 2.64802107e+02
1.09923130e+01 3.65607688e+05 2.55690936e+02
1.10083120e+01 3.60952622e+05 2.46803083e+02
1.10243110e+01 3.56357006e+05 2.38134414e+02
1.10403100e+01 3.51820081e+05 2.29680866e+02
1.10563090e+01 3.47341093e+05 2.21438446e+02
1.10723080e+01 3.42919301e+05 2.13403228e+02
1.10883070e+01 3.38553972e+05 2.05571359e+02
1.11043060e+01 3.34244382e+05 1.97939047e+02
1.11203050e+01 3.29989819e+05 1.90502572e+02
1.11363040e+01 3.25789576e+05 1.83258277e+02
1.11523030e+01 3.21642959e+05 1.76202569e+02
1.11683020e+01 3.17549281e+05 1.69331920e+02
1.11843010e+01 3.13507863e+05 1.62642867e+02
1.12003000e+01 3.09518037e+05 1.56132005e+02
1.12162990e+01 3.05579142e+05 1.49795996e+02
1.12322980e+01 3.01690525e+05 1.43631558e+02
1.12482970e+01 2.97851543e+05 1.37635475e+02
1.12642960e+01 2.94061560e+05 1.31804585e+02
1.12802950e+01 2.90319949e+05 1.26135789e+02
1.12962940e+01 2.86626091e+05 1.20626047e+02
1.13122930e+01 2.82979375e+05 1.15272374e+02
1.13282920e+01 2.79379196e+05 1.10071844e+02
1.13442910e+01 2.75824959e+05 1.05021591e+02
1.13602900e+01 2.72316076e+05 1.00118800e+02
1.13762890e+01 2.68851967e+05 9.53607188e+01
1.13922880e+01 2.65432058e+05 9.07446463e+01
1.14082870e+01 2.62055784e+05 8.62679395e+01
1.14242860e+01 2.58722586e+05 8.19280108e+01
1.14402850e+01 2.55431913e+05 7.77223277e+01
1.14562840e+01 2.52183221e+05 7.36484135e+01
1.14722830e+01 2.48975972e+05 6.97038468e+01
1.14882820e+01 2.45809636e+05 6.58862619e+01
1.15042810e+01 2.42683689e+05 6.21933488e+01
1.15202800e+01 2.39597616e+05 5.86228537e+01
1.15362790e+01 2.36550905e+05 5.51725796e+01
1.15522780e+01 2.33543053e+05 5.18403865e+01
1.15682770e+01 2.30573562e+05 4.86241928e+01
1.15842760e+01 2.27641943e+05 4.55219756e+01
1.16002750e+01 2.24747710e+05 4.25317728e+01
1.16162740e+01 2.21890386e+05 3.96516839e+01
1.16322730e+01 2.19069497e+05 3.68798721e+01
1.16482720e+01 2.16284579e+05 3.42145667e+01
1.16642710e+01 2.13535171e+05 3.16540658e+01
1.16802700e+01 2.10820818e+05 2.91967391e+01
1.16962690e+01 2.08141073e+05 2.68410326e+01
1.17122680e+01 2.05495492e+05 2.45854729e+01
1.17282670e+01 2.02883640e+05 2.24286730e+01
1.17442660e+01 2.00305084e+05 2.03693396e+01
1.17602650e+01 1.97759398e+05 1.84062818e+01
1.17762640e+01 1.95246163e+05 1.65384221e+01
1.17922630e+01 1.92764964e+05 1.47648096e+01
1.18082620e+01 1.90315390e+05 1.30846375e+01
1.18242610e+01 1.87897038e+05 1.14972648e+01
1.18402600e+01 1.85509509e+05 1.00022454e+01
1.18562590e+01 1.83152407e+05 8.59936530e+00
1.18722580e+01 1.80825345e+05 7.28869471e+00
1.18882570e+01 1.78527938e+05 6.07065876e+00
1.19042560e+01 1.76259807e+05 4.94613988e+00
1.19202550e+01 1.74020578e+05 3.91662988e+00
1.19362540e+01 1.71809882e+05 2.98446785e+00
1.19522530e+01 1.69627353e+05 2.15323702e+00
1.19682520e+01 1.67472632e+05 1.42848742e+00
1.19842510e+01 1.65345364e+05 8.19233242e-01
1.20002500e+01 1.63245197e+05 3.41793112e-01
1.20162490e+01 1.61171786e+05 3.56246778e-02
1.20322480e+01 1.59124787e+05 1.37410769e-01
1.20482470e+01 1.57103865e+05 5.05869447e-01
1.20642460e+01 1.55108685e+05 9.96385309e-01
1.20802450e+01 1.53138918e+05 1.57636893e+00
1.20962440e+01 1.51194241e+05 2.22752293e+00
1.21122430e+01 1.49274332e+05 2.93745859e+00
1.21282420e+01 1.47378875e+05 3.69697096e+00
1.21442410e+01 1.45507557e+05 4.49882558e+00
1.21602400e+01 1.43660071e+05 5.33711913e+00
1.21762390e+01 1.41836111e+05 6.20690404e+00
1.21922380e+01 1.40035378e+05 7.10395041e+00
1.22082370e+01 1.38257574e+05 8.02458616e+00
1.22242360e+01 1.36502407e+05 8.96558486e+00
1.22402350e+01 1.34769587e+05 9.92408403e+00
1.22562340e+01 1.33058830e+05 1.08975239e+01
1.22722330e+01 1.31369853e+05 1.18836005e+01
1.22882320e+01 1.29702378e+05 1.28802287e+01
1.23042310e+01 1.28056131e+05 1.38855125e+01
1.23202300e+01 1.26430840e+05 1.48977216e+01
1.23362290e+01 1.24826239e+05 1.59152715e+01
1.23522280e+01 1.23242062e+05 1.69367071e+01
1.23682270e+01 1.21678049e+05 1.79606887e+01
1.23842260e+01 1.20133943e+05 1.89859809e+01
1.24002250e+01 1.18609489e+05 2.00114420e+01
1.24162240e+01 1.17104437e+05 2.10360153e+01
1.24322230e+01 1.15618538e+05 2.20587222e+01
1.24482220e+01 1.14151549e+05 2.30786548e+01
1.24642210e+01 1.12703228e+05 2.40949704e+01
1.24802200e+01 1.11273337e+05 2.51068866e+01
1.24962190e+01 1.09861640e+05 2.61136760e+01
1.25122180e+01 1.08467905e+05 2.71146629e+01
1.25282170e+01 1.07091903e+05 2.81092190e+01
1.25442160e+01 1.05733408e+05 2.90967603e+01
1.25602150e+01 1.04392196e+05 3.00767439e+01
1.25762140e+01 1.03068047e+05 3.10486656e+01
1.25922130e+01 1.01760743e+05 3.20120570e+01
1.26082120e+01 1.00470068e+05 3.29664833e+01
1.26242110e+01 9.91958120e+04 3.39115416e+01
1.26402100e+01 9.79377639e+04 3.48468582e+01
1.26562090e+01 9.66957174e+04 3.57720875e+01
1.26722080e+01 9.54694682e+04 3.66869100e+01
1.26882070e+01 9.42588148e+04 3.75910310e+01
1.27042060e+01 9.30635584e+04 3.84841788e+01
1.27202050e+01 9.18835024e+04 3.93661038e+01
1.27362040e+01 9.07184530e+04 4.02365771e+01
1.27522030e+01 8.95682188e+04 4.10953893e+01
1.27682020e+01 8.84326107e+04 4.19423494e+01
1.27842010e+01 8.73114423e+04 4.27772842e+01
1.28002000e+01 8.62045294e+04 4.36000367e+01
1.28161990e+01 8.51116901e+04 4.44104657e+01
1.28321980e+01 8.40327451e+04 4.52084449e+01
1.28481970e+01 8.29675170e+04 4.59938619e+01
1.28641960e+01 8.19158310e+04 4.67666178e+01
1.28801950e+01 8.08775144e+04 4.75266262e+01
1.28961940e+01 7.98523967e+04 4.82738128e+01
1.29121930e+01 7.88403097e+04 4.90081144e+01
1.29281920e+01 7.78410872e+04 4.97294790e+01
1.29441910e+01 7.68545652e+04 5.04378644e+01
1.29601900e+01 7.58805817e+04 5.11332385e+01
1.29761890e+01 7.49189770e+04 5.18155779e+01
1.29921880e+01 7.39695931e+04 5.24848686e+01
1.30081870e+01 7.30322745e+04 5.31411042e+01
1.30241860e+01 7.21068671e+04 5.37842867e+01
1.30401850e+01 7.11932193e+04 5.44144252e+01
1.30561840e+01 7.02911812e+04 5.50315361e+01
1.30721830e+01 6.94006047e+04 5.56356425e+01
1.30881820e+01 6.85213438e+04 5.62267738e+01
1.31041810e+01 6.76532543e+04 5.68049653e+01
1.31201800e+01 6.67961938e+04 5.73702582e+01
1.31361790e+01 6.59500218e+04 5.79226992e+01
1.31521780e+01 6.51145995e+04 5.84623398e+01
1.31681770e+01 6.42897900e+04 5.89892367e+01
1.31841760e+01 6.34754580e+04 5.95034510e+01
1.32001750e+01 6.26714700e+04 6.00050482e+01
1.32161740e+01 6.18776943e+04 6.04940978e+01
1.32321730e+01 6.10940008e+04 6.09706733e+01
1.32481720e+01 6.02517063e+04 5.24165155e+01
1.32641710e+01 5.94886364e+04 5.18007286e+01
1.32801700e+01 5.87352579e+04 5.11924637e+01
1.32961690e+01 5.79914474e+04 5.06042260e+01
1.33121680e+01 5.72570830e+04 5.00301859e+01
1.33281670e+01 5.65320444e+04 4.94725725e+01
1.33441660e+01 5.58162128e+04 4.89340884e+01
1.33601650e+01 5.51094710e+04 4.84271478e+01
1.33761640e+01 5.44117031e+04 4.79330762e+01
1.33921630e+01 5.37227949e+04 4.74441299e+01
1.34081620e+01 5.30426335e+04 4.69602530e+01
1.34241610e+01 5.23711076e+04 4.64813910e+01
1.34401600e+01 5.17081072e+04 4.60155512e+01
1.34561590e+01 5.10535237e+04 4.55620226e+01
1.34721580e+01 5.04072500e+04 4.51129719e+01
1.34881570e+01 4.97691803e+04 4.46683538e+01
1.35041560e+01 4.91392101e+04 4.42281236e+01
1.35201550e+01 4.85172362e+04 4.37922368e+01
1.35361540e+01 4.79031570e+04 4.33606496e+01
1.35521530e+01 4.72968718e+04 4.29333187e+01
1.35681520e+01 4.66982815e+04 4.25102011e+01
1.35841510e+01 4.61072881e+04 4.20912544e+01
1.36001500e+01 4.55237949e+04 4.16840675e+01
1.36161490e+01 4.49477065e+04 4.12874863e+01
1.36321480e+01 4.43789286e+04 4.08946059e+01
1.36481470e+01 4.38173681e+04 4.05053920e+01
1.36641460e+01 4.32629333e+04 4.01282432e+01
1.36801450e+01 4.27155333e+04 3.97606662e+01
1.36961440e+01 4.21750788e+04 3.93963030e+01
1.37121430e+01 4.16414812e+04 3.90398155e+01
1.37281420e+01 4.11146534e+04 3.86933691e+01
1.37441410e+01 4.05945093e+04 3.83497750e+01
1.37601400e+01 4.00809637e+04 3.80194347e+01
1.37761390e+01 3.95739327e+04 3.77028763e+01
1.37921380e+01 3.90733334e+04 3.73885858e+01
1.38081370e+01 3.85790841e+04 3.70765523e+01
1.38241360e+01 3.80911039e+04 3.67667648e+01
1.38401350e+01 3.76093130e+04 3.64669877e+01
1.38561340e+01 3.71336708e+04 2.90311154e+01
1.38721330e+01 3.66640231e+04 2.86683344e+01
1.38881320e+01 3.62003315e+04 2.83119058e+01
1.39041310e+01 3.57425204e+04 2.79601069e+01
1.39201300e+01 3.52905149e+04 2.76133814e+01
1.39361290e+01 3.48442412e+04 2.72719097e+01
1.39521280e+01 3.44036264e+04 2.69350139e+01
1.39681270e+01 3.39685985e+04 2.66046111e+01
1.39841260e+01 3.35390865e+04 2.62791189e+01
1.40001250e+01 3.31150203e+04 2.59578824e+01
1.40161240e+01 3.26963305e+04 2.56412025e+01
1.40321230e+01 3.22829489e+04 2.53287150e+01
1.40481220e+01 3.18748079e+04 2.50202135e+01
1.40641210e+01 3.14718409e+04 2.47156452e+01
1.40801200e+01 3.10739821e+04 2.44149576e+01
1.40961190e+01 3.06811666e+04 2.41197089e+01
1.41121180e+01 3.02933303e+04 2.38286536e+01
1.41281170e+01 2.99104099e+04 2.35430714e+01
1.41441160e+01 2.95323428e+04 2.32612394e+01
1.41601150e+01 2.91590675e+04 2.29829436e+01
1.41761140e+01 2.87905229e+04 2.27081376e+01
1.41921130e+01 2.84266490e+04 2.24367756e+01
1.42081120e+01 2.80673864e+04 2.21688125e+01
1.42241110e+01 2.77126764e+04 2.19042038e+01
1.42401100e+01 2.73624613e+04 2.16432940e+01
1.42561090e+01 2.70166839e+04 2.13887013e+01
1.42721080e+01 2.66752878e+04 2.11379787e+01
1.42881070e+01 2.63382174e+04 2.08903388e+01
1.43041060e+01 2.60054176e+04 2.06464662e+01
1.43201050e+01 2.56768343e+04 2.04063816e+01
1.43361040e+01 2.53524137e+04 2.01692253e+01
1.43521030e+01 2.50321032e+04 1.99349599e+01
1.43681020e+01 2.47158503e+04 1.97044156e+01
1.43841010e+01 2.44036036e+04 1.94776994e+01
1.44001000e+01 2.40953123e+04 1.92573754e+01
1.44160990e+01 2.37909259e+04 1.90405537e+01
1.44320980e+01 2.34903950e+04 1.88262899e+01
1.44480970e+01 2.31936706e+04 1.86151413e+01
1.44640960e+01 2.29007043e+04 1.84076817e+01
1.44800950e+01 2.26114484e+04 1.82026427e+01
1.44960940e+01 2.23258557e+04 1.79999945e+01
1.45120930e+01 2.20438797e+04 1.77997078e+01
1.45280920e+01 2.17654746e+04 1.76017537e+01
1.45440910e+01 2.14905949e+04 1.74061035e+01
1.45600900e+01 2.12191959e+04 1.72127292e+01
1.45760890e+01 2.09512334e+04 1.70227707e+01
1.45920880e+01 2.06866637e+04 1.68370504e+01
1.46080870e+01 2.04254438e+04 1.66534460e+01
1.46240860e+01 2.01675312e+04 1.64719319e+01
1.46400850e+01 1.99128838e+04 1.62924834e+01
1.46560840e+01 1.96614602e+04 1.61150755e+01
1.46720830e+01 1.94132194e+04 1.59396840e+01
1.46880820e+01 1.91681211e+04 1.57668374e+01
1.47040810e+01 1.89261254e+04 1.55969343e+01
1.47200800e+01 1.86871929e+04 1.54289389e+01
1.47360790e+01 1.84512846e+04 1.52631480e+01
1.47520780e+01 1.82183623e+04 1.51000209e+01
1.47680770e+01 1.79883880e+04 1.49386953e+01
1.47840760e+01 1.77613243e+04 1.47799661e+01
1.48000750e+01 1.75371342e+04 1.46249952e+01
1.48160740e+01 1.73157814e+04 1.44730228e+01
1.48320730e+01 1.70972297e+04 1.43226828e+01
1.48480720e+01 1.68814436e+04 1.41739569e+01
1.48640710e+01 1.66683881e+04 1.40268271e+01
1.48800700e+01 1.64580285e+04 1.38820783e+01
1.48960690e+01 1.62503306e+04 1.37389518e+01
1.49120680e+01 1.60452606e+04 1.35973472e+01
1.49280670e+01 1.58427851e+04 1.34572475e+01
1.49440660e+01 1.56428714e+04 1.33186362e+01
1.49600650e+01 1.54454867e+04 1.31814967e+01
1.49760640e+01 1.52505992e+04 1.30459059e+01
1.49920630e+01 1.50581770e+04 1.29135816e+01
1.50080620e+01 1.48681889e+04 1.27826341e+01
1.50240610e+01 1.46806041e+04 1.26530486e+01
1.50400600e+01 1.44953921e+04 1.25248104e+01
1.50560590e+01 1.43125227e+04 1.23979050e+01
1.50720580e+01 1.41319663e+04 1.22726440e+01
1.50880570e+01 1.39536934e+04 1.21489356e+01
1.51040560e+01 1.37776753e+04 1.20275811e+01
1.51200550e+01 1.36038832e+04 1.19074630e+01
1.51360540e+01 1.34322889e+04 1.17896062e+01
1.51520530e+01 1.32628646e+04 1.16733362e+01
1.51680520e+01 1.30955827e+04 1.15582295e+01
1.51840510e+01 1.29304161e+04 1.14444681e+01
1.52000500e+01 1.27673380e+04 1.13318940e+01
1.52160490e+01 1.26063218e+04 1.12209532e+01
1.52320480e+01 1.24473415e+04 1.11112418e+01
1.52480470e+01 1.22905523e+04 1.06327752e+01
1.52640460e+01 1.21355646e+04 1.05136494e+01
1.52800450e+01 1.19825363e+04 1.03959005e+01
1.52960440e+01 1.18314426e+04 1.02795119e+01
1.53120430e+01 1.16822589e+04 1.01644677e+01
1.53280420e+01 1.15349610e+04 1.00507518e+01
1.53440410e+01 1.13895250e+04 9.93875205e+00
1.53600400e+01 1.12459274e+04 9.82928140e+00
1.53760390e+01 1.11041448e+04 9.72116988e+00
1.53920380e+01 1.09641542e+04 9.61428288e+00
1.54080370e+01 1.08259330e+04 9.50860621e+00
1.54240360e+01 1.06894586e+04 9.40436356e+00
1.54400350e+01 1.05547090e+04 9.30192427e+00
1.54560340e+01 1.04216623e+04 9.20063282e+00
1.54720330e+01 1.02902969e+04 9.10118958e+00
1.54880320e+01 1.01605915e+04 9.00296712e+00
1.55040310e+01 1.00325251e+04 8.90583363e+00
1.55200300e+01 9.90607696e+03 8.80977679e+00
1.55360290e+01 9.78122650e+03 8.71478444e+00
1.55520280e+01 9.65795351e+03 8.62084456e+00
1.55680270e+01 9.53623801e+03 8.52794526e+00
1.55840260e+01 9.41606026e+03 8.43156276e+00
1.56000250e+01 9.29740079e+03 8.32513152e+00
1.56160240e+01 9.18024037e+03 8.22017100e+00
1.56320230e+01 9.06456000e+03 8.11665733e+00
1.56480220e+01 8.95034094e+03 8.01456720e+00
1.56640210e+01 8.83756468e+03 7.91387781e+00
1.56800200e+01 8.72621295e+03 7.81456688e+00
1.56960190e+01 8.61626771e+03 7.71661261e+00
1.57120180e+01 8.50771114e+03 7.61999368e+00
1.57280170e+01 8.40052565e+03 7.52468923e+00
1.57440160e+01 8.29469389e+03 7.43067882e+00
1.57600150e+01 8.19019871e+03 7.33794246e+00
1.57760140e+01 8.08702318e+03 7.24645890e+00
1.57920130e+01 7.98515061e+03 7.15620969e+00
1.58080120e+01 7.88456448e+03 7.06717704e+00
1.58240110e+01 7.78524851e+03 6.97930372e+00
1.58400100e+01 7.68718662e+03 6.89239329e+00
1.58560090e+01 7.59036294e+03 6.80665539e+00
1.58720080e+01 7.49476178e+03 6.72207399e+00
1.58880070e+01 7.40036767e+03 6.63863150e+00
1.59040060e+01 7.30716533e+03 6.55631069e+00
1.59200050e+01 7.21513967e+03 6.47509466e+00
1.59360040e+01 7.12427581e+03 6.39496683e+00
1.59520030e+01 7.03455903e+03 6.31591098e+00
1.59680020e+01 6.94597481e+03 6.23791116e+00
1.59840010e+01 6.85850882e+03 6.16095174e+00
