# 2026-06-09 | 22:39:32 | Calculation performed with SolarAxionFlux v1.1; g_agamma = 5.000000e-11 GeV^-1, g_ae = 1.000000e-13.
# Spectral flux over full solar volume.
# Columns: energy values [keV] | axion flux [cm^-2 s^-1 keV^-1]
1.00000000e-03 3.41703888e+06
2.76650000e-02 9.21441991e+07
5.43300000e-02 1.76874302e+08
8.09950000e-02 2.64651647e+08
1.07660000e-01 3.44311513e+08
1.34325000e-01 4.11165601e+08
1.60990000e-01 4.72303784e+08
1.87655000e-01 5.27714335e+08
2.14320000e-01 5.77641161e+08
2.40985000e-01 6.22725708e+08
2.67650000e-01 6.63347433e+08
2.94315000e-01 6.99634922e+08
3.20980000e-01 7.32099498e+08
3.47645000e-01 7.60939621e+08
3.74310000e-01 7.88638845e+08
4.00975000e-01 8.10971206e+08
4.27640000e-01 8.30639930e+08
4.54305000e-01 8.47809125e+08
4.80970000e-01 8.62862584e+08
5.07635000e-01 8.80535935e+08
5.34300000e-01 8.91759630e+08
5.60965000e-01 9.02365923e+08
5.87630000e-01 9.09160601e+08
6.14295000e-01 9.13896425e+08
6.40960000e-01 9.21922626e+08
6.67625000e-01 9.49869755e+08
6.94290000e-01 9.48350997e+08
7.20955000e-01 9.50303095e+08
7.47620000e-01 9.56641970e+08
7.74285000e-01 9.56849126e+08
8.00950000e-01 9.55869468e+08
8.27615000e-01 9.54796462e+08
8.54280000e-01 9.53940565e+08
8.80945000e-01 9.54116769e+08
9.07610000e-01 9.59087536e+08
9.34275000e-01 9.55983451e+08
9.60940000e-01 9.55087261e+08
9.87605000e-01 9.56539919e+08
1.01427000e+00 9.63126464e+08
1.04093500e+00 9.70227140e+08
1.06760000e+00 9.58789504e+08
1.09426500e+00 9.35408597e+08
1.12093000e+00 9.21363330e+08
1.14759500e+00 9.07038357e+08
1.17426000e+00 8.95004680e+08
1.20092500e+00 8.89998332e+08
1.22759000e+00 8.81992434e+08
1.25425500e+00 8.76849171e+08
1.28092000e+00 8.68344604e+08
1.30758500e+00 8.63706468e+08
1.33425000e+00 8.71382135e+08
1.36091500e+00 8.57646046e+08
1.38758000e+00 8.35233904e+08
1.41424500e+00 8.19778555e+08
1.44091000e+00 8.13543142e+08
1.46757500e+00 8.48482506e+08
1.49424000e+00 7.97466225e+08
1.52090500e+00 7.82307235e+08
1.54757000e+00 7.73568581e+08
1.57423500e+00 7.65992220e+08
1.60090000e+00 7.57290731e+08
1.62756500e+00 7.43035319e+08
1.65423000e+00 7.32778966e+08
1.68089500e+00 7.25006924e+08
1.70756000e+00 7.17834920e+08
1.73422500e+00 7.10796724e+08
1.76089000e+00 7.08293766e+08
1.78755500e+00 7.08178147e+08
1.81422000e+00 7.19417492e+08
1.84088500e+00 7.67160248e+08
1.86755000e+00 7.74922821e+08
1.89421500e+00 6.86473407e+08
1.92088000e+00 6.58331267e+08
1.94754500e+00 6.47438500e+08
1.97421000e+00 6.36460915e+08
2.00087500e+00 7.96148188e+08
2.02754000e+00 6.18501637e+08
2.05420500e+00 6.06171071e+08
2.08087000e+00 5.90589140e+08
2.10753500e+00 5.81595243e+08
2.13420000e+00 5.73566825e+08
2.16086500e+00 5.65585447e+08
2.18753000e+00 5.57702740e+08
2.21419500e+00 5.48640509e+08
2.24086000e+00 5.40580665e+08
2.26752500e+00 5.32881562e+08
2.29419000e+00 5.26006125e+08
2.32085500e+00 5.20224699e+08
2.34752000e+00 5.16828179e+08
2.37418500e+00 5.17186344e+08
2.40085000e+00 5.24779936e+08
2.42751500e+00 5.63501476e+08
2.45418000e+00 6.52747409e+08
2.48084500e+00 5.11836909e+08
2.50751000e+00 4.81241691e+08
2.53417500e+00 4.66808237e+08
2.56084000e+00 4.55832634e+08
2.58750500e+00 4.46532299e+08
2.61417000e+00 4.98048123e+08
2.64083500e+00 4.30592229e+08
2.66750000e+00 4.22599997e+08
2.69416500e+00 4.13984150e+08
2.72083000e+00 4.05368903e+08
2.74749500e+00 3.98634999e+08
2.77416000e+00 3.92369609e+08
2.80082500e+00 3.86400533e+08
2.82749000e+00 3.80594016e+08
2.85415500e+00 3.74948914e+08
2.88082000e+00 3.69527273e+08
2.90748500e+00 3.62721622e+08
2.93415000e+00 3.56627145e+08
2.96081500e+00 3.50744800e+08
2.98748000e+00 3.45260946e+08
3.01414500e+00 3.40373650e+08
3.04081000e+00 3.36550893e+08
3.06747500e+00 3.33752039e+08
3.09414000e+00 3.34842602e+08
3.12080500e+00 3.49123406e+08
3.14747000e+00 3.22919819e+08
3.17413500e+00 3.09003791e+08
3.20080000e+00 3.02309345e+08
3.22746500e+00 2.95656960e+08
3.25413000e+00 2.89998181e+08
3.28079500e+00 2.84354910e+08
3.30746000e+00 2.90613753e+08
3.33412500e+00 2.73774728e+08
3.36079000e+00 2.68668938e+08
3.38745500e+00 2.63353300e+08
3.41412000e+00 2.58527336e+08
3.44078500e+00 2.53916033e+08
3.46745000e+00 2.49451891e+08
3.49411500e+00 2.45096043e+08
3.52078000e+00 2.40849444e+08
3.54744500e+00 2.36728172e+08
3.57411000e+00 2.32702354e+08
3.60077500e+00 2.28786338e+08
3.62744000e+00 2.25018187e+08
3.65410500e+00 2.21383960e+08
3.68077000e+00 2.17754827e+08
3.70743500e+00 2.14119285e+08
3.73410000e+00 2.10805606e+08
3.76076500e+00 2.07952671e+08
3.78743000e+00 2.05865855e+08
3.81409500e+00 2.04444597e+08
3.84076000e+00 2.03551044e+08
3.86742500e+00 2.11945060e+08
3.89409000e+00 2.06567954e+08
3.92075500e+00 1.91182080e+08
3.94742000e+00 1.84647266e+08
3.97408500e+00 1.79941084e+08
4.00075000e+00 1.75968632e+08
4.02741500e+00 1.72385044e+08
4.05408000e+00 1.68940886e+08
4.08074500e+00 1.70559057e+08
4.10741000e+00 1.62541819e+08
4.13407500e+00 1.59466816e+08
4.16074000e+00 1.56392723e+08
4.18740500e+00 1.53446238e+08
4.21407000e+00 1.50604992e+08
4.24073500e+00 1.47886357e+08
4.26740000e+00 1.45246851e+08
4.29406500e+00 1.42694727e+08
4.32073000e+00 1.40216938e+08
4.34739500e+00 1.37799269e+08
4.37406000e+00 1.35450551e+08
4.40072500e+00 1.33161357e+08
4.42739000e+00 1.30922525e+08
4.45405500e+00 1.28729634e+08
4.48072000e+00 1.26622007e+08
4.50738500e+00 1.24568855e+08
4.53405000e+00 1.22506261e+08
4.56071500e+00 1.20511879e+08
4.58738000e+00 1.18329541e+08
4.61404500e+00 1.16186478e+08
4.64071000e+00 1.14093043e+08
4.66737500e+00 1.12051689e+08
4.69404000e+00 1.10072791e+08
4.72070500e+00 1.08123459e+08
4.74737000e+00 1.06205443e+08
4.77403500e+00 1.04315050e+08
4.80070000e+00 1.02465059e+08
4.82736500e+00 1.00629287e+08
4.85403000e+00 9.88314024e+07
4.88069500e+00 9.70796042e+07
4.90736000e+00 9.53453349e+07
4.93402500e+00 9.36511653e+07
4.96069000e+00 9.19982361e+07
4.98735500e+00 9.03796533e+07
5.01402000e+00 8.87894656e+07
5.04068500e+00 8.72291403e+07
5.06735000e+00 8.56985686e+07
5.09401500e+00 8.41990469e+07
5.12068000e+00 8.27304844e+07
5.14734500e+00 8.12890704e+07
5.17401000e+00 7.98740429e+07
5.20067500e+00 7.84872163e+07
5.22734000e+00 7.71301504e+07
5.25400500e+00 7.58020426e+07
5.28067000e+00 7.44978225e+07
5.30733500e+00 7.32226684e+07
5.33400000e+00 7.19773282e+07
5.36066500e+00 7.07591187e+07
5.38733000e+00 6.95709546e+07
5.41399500e+00 6.84155954e+07
5.44066000e+00 6.72968406e+07
5.46732500e+00 6.62227898e+07
5.49399000e+00 6.52140534e+07
5.52065500e+00 6.43075043e+07
5.54732000e+00 6.36014182e+07
5.57398500e+00 6.30605398e+07
5.60065000e+00 6.17573220e+07
5.62731500e+00 6.09725532e+07
5.65398000e+00 6.07809329e+07
5.68064500e+00 5.87216956e+07
5.70731000e+00 5.73894589e+07
5.73397500e+00 5.63767627e+07
5.76064000e+00 5.72732797e+07
5.78730500e+00 5.44292621e+07
5.81397000e+00 5.34265703e+07
5.84063500e+00 5.25556723e+07
5.86730000e+00 5.17339860e+07
5.89396500e+00 5.09607540e+07
5.92063000e+00 5.02194141e+07
5.94729500e+00 4.95127515e+07
5.97396000e+00 4.88593865e+07
6.00062500e+00 4.82668499e+07
6.02729000e+00 4.77601397e+07
6.05395500e+00 4.73295521e+07
6.08062000e+00 4.68688367e+07
6.10728500e+00 4.62734061e+07
6.13395000e+00 4.61411874e+07
6.16061500e+00 4.56694926e+07
6.18728000e+00 4.50474809e+07
6.21394500e+00 4.44709380e+07
6.24061000e+00 4.39794490e+07
6.26727500e+00 4.37518101e+07
6.29394000e+00 4.36849333e+07
6.32060500e+00 4.37984444e+07
6.34727000e+00 4.41424222e+07
6.37393500e+00 4.47517461e+07
6.40060000e+00 4.57903330e+07
6.42726500e+00 4.74056170e+07
6.45393000e+00 4.97854830e+07
6.48059500e+00 5.37282853e+07
6.50726000e+00 6.03235501e+07
6.53392500e+00 7.09473209e+07
6.56059000e+00 8.52188512e+07
6.58725500e+00 1.02102098e+08
6.61392000e+00 9.59847186e+07
6.64058500e+00 1.72088996e+08
6.66725000e+00 1.39366795e+08
6.69391500e+00 8.96948090e+07
6.72058000e+00 6.73619586e+07
6.74724500e+00 5.56941204e+07
6.77391000e+00 4.80963871e+07
6.80057500e+00 4.29112136e+07
6.82724000e+00 3.92449207e+07
6.85390500e+00 3.65549106e+07
6.88057000e+00 3.44739353e+07
6.90723500e+00 3.28498400e+07
6.93390000e+00 3.14964034e+07
6.96056500e+00 3.03385148e+07
6.98723000e+00 2.92888905e+07
7.01389500e+00 2.83564726e+07
7.04056000e+00 2.75312382e+07
7.06722500e+00 2.68034596e+07
7.09389000e+00 2.61462289e+07
7.12055500e+00 2.55518674e+07
7.14722000e+00 2.50113978e+07
7.17388500e+00 2.45212162e+07
7.20055000e+00 2.40716438e+07
7.22721500e+00 2.36634012e+07
7.25388000e+00 2.32973584e+07
7.28054500e+00 2.29676308e+07
7.30721000e+00 2.26882134e+07
7.33387500e+00 2.24480174e+07
7.36054000e+00 2.22665181e+07
7.38720500e+00 2.21510155e+07
7.41387000e+00 2.21138777e+07
7.44053500e+00 2.21595835e+07
7.46720000e+00 2.23014688e+07
7.49386500e+00 2.25586585e+07
7.52053000e+00 2.29241037e+07
7.54719500e+00 2.33878987e+07
7.57386000e+00 2.40059712e+07
7.60052500e+00 2.46845907e+07
7.62719000e+00 2.54307329e+07
7.65385500e+00 2.61893513e+07
7.68052000e+00 2.70198009e+07
7.70718500e+00 2.65768893e+07
7.73385000e+00 2.66480014e+07
7.76051500e+00 2.68496011e+07
7.78718000e+00 2.60743368e+07
7.81384500e+00 2.52568134e+07
7.84051000e+00 2.40470865e+07
7.86717500e+00 2.29258135e+07
7.89384000e+00 2.18113002e+07
7.92050500e+00 2.08864498e+07
7.94717000e+00 2.01955397e+07
7.97383500e+00 1.96982081e+07
8.00050000e+00 1.93601356e+07
8.02716500e+00 1.90424392e+07
8.05383000e+00 1.87915749e+07
8.08049500e+00 1.85561536e+07
8.10716000e+00 1.83388056e+07
8.13382500e+00 1.81173841e+07
8.16049000e+00 1.78847848e+07
8.18715500e+00 1.76400668e+07
8.21382000e+00 1.73922706e+07
8.24048500e+00 1.71322792e+07
8.26715000e+00 1.68572779e+07
8.29381500e+00 1.65801652e+07
8.32048000e+00 1.63038892e+07
8.34714500e+00 1.60195517e+07
8.37381000e+00 1.57310995e+07
8.40047500e+00 1.54482207e+07
8.42714000e+00 1.51698364e+07
8.45380500e+00 1.48961404e+07
8.48047000e+00 1.46239917e+07
8.50713500e+00 1.43600892e+07
8.53380000e+00 1.41046462e+07
8.56046500e+00 1.38553317e+07
8.58713000e+00 1.36103279e+07
8.61379500e+00 1.33747191e+07
8.64046000e+00 1.31457676e+07
8.66712500e+00 1.29231924e+07
8.69379000e+00 1.27068125e+07
8.72045500e+00 1.25000510e+07
8.74712000e+00 1.22983751e+07
8.77378500e+00 1.21045782e+07
8.80045000e+00 1.19147190e+07
8.82711500e+00 1.17304022e+07
8.85378000e+00 1.15518602e+07
8.88044500e+00 1.13748552e+07
8.90711000e+00 1.11953180e+07
8.93377500e+00 1.10162008e+07
8.96044000e+00 1.08404343e+07
8.98710500e+00 1.06590873e+07
9.01377000e+00 1.04699843e+07
9.04043500e+00 1.02818167e+07
9.06710000e+00 1.01090776e+07
9.09376500e+00 9.94697619e+06
9.12043000e+00 9.77758374e+06
9.14709500e+00 9.59435947e+06
9.17376000e+00 9.41924437e+06
9.20042500e+00 9.24585888e+06
9.22709000e+00 9.07784071e+06
9.25375500e+00 8.91781970e+06
9.28042000e+00 8.76403677e+06
9.30708500e+00 8.61627054e+06
9.33375000e+00 8.47181788e+06
9.36041500e+00 8.33086296e+06
9.38708000e+00 8.19311763e+06
9.41374500e+00 8.05722226e+06
9.44041000e+00 7.92291586e+06
9.46707500e+00 7.79120109e+06
9.49374000e+00 7.66251595e+06
9.52040500e+00 7.53409332e+06
9.54707000e+00 7.40814308e+06
9.57373500e+00 7.28449600e+06
9.60040000e+00 7.16159391e+06
9.62706500e+00 7.04142711e+06
9.65373000e+00 6.92279196e+06
9.68039500e+00 6.80531241e+06
9.70706000e+00 6.69004911e+06
9.73372500e+00 6.57730150e+06
9.76039000e+00 6.46544871e+06
9.78705500e+00 6.35609671e+06
9.81372000e+00 6.24857905e+06
9.84038500e+00 6.14229212e+06
9.86705000e+00 6.03841411e+06
9.89371500e+00 5.93595961e+06
9.92038000e+00 5.83556703e+06
9.94704500e+00 5.73663446e+06
9.97371000e+00 5.63967216e+06
1.00003750e+01 5.54400301e+06
1.00270400e+01 5.45022967e+06
1.00537050e+01 5.35790919e+06
1.00803700e+01 5.26710952e+06
1.01070350e+01 5.17789729e+06
1.01337000e+01 5.09010598e+06
1.01603650e+01 5.00410871e+06
1.01870300e+01 4.92022194e+06
1.02136950e+01 4.83735087e+06
1.02403600e+01 4.75592312e+06
1.02670250e+01 4.67607335e+06
1.02936900e+01 4.59674624e+06
1.03203550e+01 4.51945827e+06
1.03470200e+01 4.44390196e+06
1.03736850e+01 4.36860922e+06
1.04003500e+01 4.29518128e+06
1.04270150e+01 4.22298507e+06
1.04536800e+01 4.15207152e+06
1.04803450e+01 4.08180343e+06
1.05070100e+01 4.01370309e+06
1.05336750e+01 3.94704317e+06
1.05603400e+01 3.88052160e+06
1.05870050e+01 3.81555776e+06
1.06136700e+01 3.75182094e+06
1.06403350e+01 3.68861759e+06
1.06670000e+01 3.62706478e+06
1.06936650e+01 3.56650509e+06
1.07203300e+01 3.50650700e+06
1.07469950e+01 3.44805963e+06
1.07736600e+01 3.39067840e+06
1.08003250e+01 3.33367122e+06
1.08269900e+01 3.27828086e+06
1.08536550e+01 3.22368089e+06
1.08803200e+01 3.16979174e+06
1.09069850e+01 3.11666659e+06
1.09336500e+01 3.06409326e+06
1.09603150e+01 3.01325315e+06
1.09869800e+01 2.96298243e+06
1.10136450e+01 2.91371582e+06
1.10403100e+01 2.86536996e+06
1.10669750e+01 2.81676459e+06
1.10936400e+01 2.77022349e+06
1.11203050e+01 2.72427698e+06
1.11469700e+01 2.67901733e+06
1.11736350e+01 2.63370795e+06
1.12003000e+01 2.59042698e+06
1.12269650e+01 2.54737206e+06
1.12536300e+01 2.50473443e+06
1.12802950e+01 2.46296289e+06
1.13069600e+01 2.42217120e+06
1.13336250e+01 2.38118458e+06
1.13602900e+01 2.34220678e+06
1.13869550e+01 2.30285297e+06
1.14136200e+01 2.26468612e+06
1.14402850e+01 2.22664074e+06
1.14669500e+01 2.18957508e+06
1.14936150e+01 2.15334024e+06
1.15202800e+01 2.11742452e+06
1.15469450e+01 2.08197848e+06
1.15736100e+01 2.04761131e+06
1.16002750e+01 2.01340756e+06
1.16269400e+01 1.97997096e+06
1.16536050e+01 1.94703356e+06
1.16802700e+01 1.91477007e+06
1.17069350e+01 1.88301618e+06
1.17336000e+01 1.85168234e+06
1.17602650e+01 1.82111851e+06
1.17869300e+01 1.79081941e+06
1.18135950e+01 1.76092347e+06
1.18402600e+01 1.73175323e+06
1.18669250e+01 1.70302864e+06
1.18935900e+01 1.67482767e+06
1.19202550e+01 1.64723690e+06
1.19469200e+01 1.61974080e+06
1.19735850e+01 1.59274000e+06
1.20002500e+01 1.56667381e+06
1.20269150e+01 1.54059479e+06
1.20535800e+01 1.51472481e+06
1.20802450e+01 1.48956746e+06
1.21069100e+01 1.46516328e+06
1.21335750e+01 1.44077552e+06
1.21602400e+01 1.41684037e+06
1.21869050e+01 1.39320682e+06
1.22135700e+01 1.36995797e+06
1.22402350e+01 1.34774359e+06
1.22669000e+01 1.32526623e+06
1.22935650e+01 1.30317447e+06
1.23202300e+01 1.28149111e+06
1.23468950e+01 1.26026598e+06
1.23735600e+01 1.23933753e+06
1.24002250e+01 1.21881361e+06
1.24268900e+01 1.19891129e+06
1.24535550e+01 1.17906468e+06
1.24802200e+01 1.15957311e+06
1.25068850e+01 1.14033911e+06
1.25335500e+01 1.12132721e+06
1.25602150e+01 1.10266704e+06
1.25868800e+01 1.08438462e+06
1.26135450e+01 1.06634201e+06
1.26402100e+01 1.04867330e+06
1.26668750e+01 1.03130580e+06
1.26935400e+01 1.01420852e+06
1.27202050e+01 9.97452456e+05
1.27468700e+01 9.80927410e+05
1.27735350e+01 9.64632692e+05
1.28002000e+01 9.48712770e+05
1.28268650e+01 9.32993803e+05
1.28535300e+01 9.17486454e+05
1.28801950e+01 9.02312111e+05
1.29068600e+01 8.87390057e+05
1.29335250e+01 8.72745229e+05
1.29601900e+01 8.58300562e+05
1.29868550e+01 8.44161819e+05
1.30135200e+01 8.30230219e+05
1.30401850e+01 8.16536466e+05
1.30668500e+01 8.02977232e+05
1.30935150e+01 7.89678147e+05
1.31201800e+01 7.76656180e+05
1.31468450e+01 7.63787615e+05
1.31735100e+01 7.51143700e+05
1.32001750e+01 7.38709014e+05
1.32268400e+01 7.26395134e+05
1.32535050e+01 7.14380640e+05
1.32801700e+01 7.02651091e+05
1.33068350e+01 6.90968796e+05
1.33335000e+01 6.79473801e+05
1.33601650e+01 6.68289557e+05
1.33868300e+01 6.57231686e+05
1.34134950e+01 6.46318702e+05
1.34401600e+01 6.35673135e+05
1.34668250e+01 6.25218876e+05
1.34934900e+01 6.15039428e+05
1.35201550e+01 6.04562969e+05
1.35468200e+01 5.94556660e+05
1.35734850e+01 5.84658990e+05
1.36001500e+01 5.74903190e+05
1.36268150e+01 5.65491982e+05
1.36534800e+01 5.56160638e+05
1.36801450e+01 5.47031088e+05
1.37068100e+01 5.37883390e+05
1.37334750e+01 5.28953117e+05
1.37601400e+01 5.20113704e+05
1.37868050e+01 5.11598241e+05
1.38134700e+01 5.03096832e+05
1.38401350e+01 4.94754612e+05
1.38668000e+01 4.86515036e+05
1.38934650e+01 4.78514448e+05
1.39201300e+01 4.70574931e+05
1.39467950e+01 4.62727493e+05
1.39734600e+01 4.55103950e+05
1.40001250e+01 4.47619028e+05
1.40267900e+01 4.40184861e+05
1.40534550e+01 4.32895041e+05
1.40801200e+01 4.25680314e+05
1.41067850e+01 4.18709339e+05
1.41334500e+01 4.11784831e+05
1.41601150e+01 4.04559041e+05
1.41867800e+01 3.97809862e+05
1.42134450e+01 3.91214993e+05
1.42401100e+01 3.84766705e+05
1.42667750e+01 3.78342670e+05
1.42934400e+01 3.72052298e+05
1.43201050e+01 3.65948500e+05
1.43467700e+01 3.59851034e+05
1.43734350e+01 3.53846093e+05
1.44001000e+01 3.48047616e+05
1.44267650e+01 3.42293973e+05
1.44534300e+01 3.36586638e+05
1.44800950e+01 3.31002608e+05
1.45067600e+01 3.25571737e+05
1.45334250e+01 3.20161785e+05
1.45600900e+01 3.14838687e+05
1.45867550e+01 3.09679386e+05
1.46134200e+01 3.04598444e+05
1.46400850e+01 2.99519545e+05
1.46667500e+01 2.94534710e+05
1.46934150e+01 2.89626744e+05
1.47200800e+01 2.84770403e+05
1.47467450e+01 2.80066646e+05
1.47734100e+01 2.75461673e+05
1.48000750e+01 2.70935311e+05
1.48267400e+01 2.66436975e+05
1.48534050e+01 2.62013136e+05
1.48800700e+01 2.57657369e+05
1.49067350e+01 2.53393292e+05
1.49334000e+01 2.49192007e+05
1.49600650e+01 2.45094068e+05
1.49867300e+01 2.41048482e+05
1.50133950e+01 2.37056574e+05
1.50400600e+01 2.33101771e+05
1.50667250e+01 2.29222778e+05
1.50933900e+01 2.25420493e+05
1.51200550e+01 2.21691963e+05
1.51467200e+01 2.17993403e+05
1.51733850e+01 2.14374385e+05
1.52000500e+01 2.10815080e+05
1.52267150e+01 2.07345891e+05
1.52533800e+01 2.03909777e+05
1.52800450e+01 2.00518330e+05
1.53067100e+01 1.97179649e+05
1.53333750e+01 1.93903125e+05
1.53600400e+01 1.90686050e+05
1.53867050e+01 1.87401308e+05
1.54133700e+01 1.84297062e+05
1.54400350e+01 1.81250274e+05
1.54667000e+01 1.78243574e+05
1.54933650e+01 1.75276490e+05
1.55200300e+01 1.72364645e+05
1.55466950e+01 1.69510850e+05
1.55733600e+01 1.66702326e+05
1.56000250e+01 1.63932165e+05
1.56266900e+01 1.61212749e+05
1.56533550e+01 1.58539640e+05
1.56800200e+01 1.55912531e+05
1.57066850e+01 1.53328286e+05
1.57333500e+01 1.50786139e+05
1.57600150e+01 1.48286514e+05
1.57866800e+01 1.45831328e+05
1.58133450e+01 1.43415397e+05
1.58400100e+01 1.41039387e+05
1.58666750e+01 1.38702416e+05
1.58933400e+01 1.36403787e+05
1.59200050e+01 1.34132652e+05
1.59466700e+01 1.31867032e+05
1.59733350e+01 1.29664971e+05
