# 2026-05-06 | 11:12:09 | Calculation performed with SolarAxionFlux v1.1; g_agamma = 1.000000e-10 GeV^-1, g_ae = 1.000000e-13.
# Spectral flux over full solar volume.
# Columns: energy values [keV] | axion flux [cm^-2 s^-1 keV^-1]
1.00000000e-03 6.59925651e-03
1.69990000e-02 3.20317307e+01
3.29980000e-02 2.31515924e+02
4.89970000e-02 7.48905259e+02
6.49960000e-02 1.72731496e+03
8.09950000e-02 3.30272555e+03
9.69940000e-02 5.60417637e+03
1.12993000e-01 8.75395630e+03
1.28992000e-01 1.28677916e+04
1.44991000e-01 1.80550311e+04
1.60990000e-01 2.44188282e+04
1.76989000e-01 3.20563202e+04
1.92988000e-01 4.10588051e+04
2.08987000e-01 5.15119145e+04
2.24986000e-01 6.34957845e+04
2.40985000e-01 7.70852237e+04
2.56984000e-01 9.23498774e+04
2.72983000e-01 1.09354390e+05
2.88982000e-01 1.28158563e+05
3.04981000e-01 1.48817512e+05
3.20980000e-01 1.71381820e+05
3.36979000e-01 1.95897686e+05
3.52978000e-01 2.22407074e+05
3.68977000e-01 2.50947854e+05
3.84976000e-01 2.81553947e+05
4.00975000e-01 3.14255463e+05
4.16974000e-01 3.49078834e+05
4.32973000e-01 3.86046946e+05
4.48972000e-01 4.25179274e+05
4.64971000e-01 4.66492002e+05
4.80970000e-01 5.09998152e+05
4.96969000e-01 5.55707701e+05
5.12968000e-01 6.03627702e+05
5.28967000e-01 6.53762399e+05
5.44966000e-01 7.06113339e+05
5.60965000e-01 7.60679480e+05
5.76964000e-01 8.17457303e+05
5.92963000e-01 8.76440911e+05
6.08962000e-01 9.37622134e+05
6.24961000e-01 1.00099063e+06
6.40960000e-01 1.06653397e+06
6.56959000e-01 1.13423774e+06
6.72958000e-01 1.20408566e+06
6.88957000e-01 1.27605961e+06
7.04956000e-01 1.35013978e+06
7.20955000e-01 1.42630470e+06
7.36954000e-01 1.50453138e+06
7.52953000e-01 1.58479533e+06
7.68952000e-01 1.66707067e+06
7.84951000e-01 1.75133023e+06
8.00950000e-01 1.83754554e+06
8.16949000e-01 1.92568701e+06
8.32948000e-01 2.01572389e+06
8.48947000e-01 2.10762443e+06
8.64946000e-01 2.20135587e+06
8.80945000e-01 2.29688455e+06
8.96944000e-01 2.39417596e+06
9.12943000e-01 2.49319478e+06
9.28942000e-01 2.59390495e+06
9.44941000e-01 2.69626974e+06
9.60940000e-01 2.80025177e+06
9.76939000e-01 2.90581310e+06
9.92938000e-01 3.01291523e+06
1.00893700e+00 3.12151920e+06
1.02493600e+00 3.23158561e+06
1.04093500e+00 3.34307464e+06
1.05693400e+00 3.45594616e+06
1.07293300e+00 3.57015971e+06
1.08893200e+00 3.68567456e+06
1.10493100e+00 3.80244976e+06
1.12093000e+00 3.92044416e+06
1.13692900e+00 4.03961646e+06
1.15292800e+00 4.15992524e+06
1.16892700e+00 4.28132898e+06
1.18492600e+00 4.40378612e+06
1.20092500e+00 4.52725507e+06
1.21692400e+00 4.65169423e+06
1.23292300e+00 4.77706204e+06
1.24892200e+00 4.90331702e+06
1.26492100e+00 5.03041776e+06
1.28092000e+00 5.15832294e+06
1.29691900e+00 5.28699142e+06
1.31291800e+00 5.41638218e+06
1.32891700e+00 5.54645439e+06
1.34491600e+00 5.67716745e+06
1.36091500e+00 5.80848094e+06
1.37691400e+00 5.94035471e+06
1.39291300e+00 6.07323748e+06
1.40891200e+00 6.20612928e+06
1.42491100e+00 6.33946285e+06
1.44091000e+00 6.47319917e+06
1.45690900e+00 6.60729953e+06
1.47290800e+00 6.74172560e+06
1.48890700e+00 6.87643935e+06
1.50490600e+00 7.01140316e+06
1.52090500e+00 7.14657976e+06
1.53690400e+00 7.28193227e+06
1.55290300e+00 7.41742422e+06
1.56890200e+00 7.55301956e+06
1.58490100e+00 7.68868262e+06
1.60090000e+00 7.82437821e+06
1.61689900e+00 7.96007154e+06
1.63289800e+00 8.09572828e+06
1.64889700e+00 8.23131454e+06
1.66489600e+00 8.36679691e+06
1.68089500e+00 8.50214242e+06
1.69689400e+00 8.63731859e+06
1.71289300e+00 8.77229341e+06
1.72889200e+00 8.90703535e+06
1.74489100e+00 9.04151337e+06
1.76089000e+00 9.17569691e+06
1.77688900e+00 9.30955591e+06
1.79288800e+00 9.44306082e+06
1.80888700e+00 9.57618255e+06
1.82488600e+00 9.70889255e+06
1.84088500e+00 9.84116277e+06
1.85688400e+00 9.97296564e+06
1.87288300e+00 1.01042741e+07
1.88888200e+00 1.02350617e+07
1.90488100e+00 1.03653022e+07
1.92088000e+00 1.04949703e+07
1.93687900e+00 1.06240409e+07
1.95287800e+00 1.07524895e+07
1.96887700e+00 1.08802921e+07
1.98487600e+00 1.10074252e+07
2.00087500e+00 1.11338658e+07
2.01687400e+00 1.12595915e+07
2.03287300e+00 1.13845802e+07
2.04887200e+00 1.15088106e+07
2.06487100e+00 1.16322616e+07
2.08087000e+00 1.17549128e+07
2.09686900e+00 1.18767442e+07
2.11286800e+00 1.19977364e+07
2.12886700e+00 1.21178703e+07
2.14486600e+00 1.22371274e+07
2.16086500e+00 1.23554899e+07
2.17686400e+00 1.24729400e+07
2.19286300e+00 1.25894608e+07
2.20886200e+00 1.27050358e+07
2.22486100e+00 1.28196487e+07
2.24086000e+00 1.29332841e+07
2.25685900e+00 1.30459267e+07
2.27285800e+00 1.31575619e+07
2.28885700e+00 1.32681754e+07
2.30485600e+00 1.33777535e+07
2.32085500e+00 1.34862827e+07
2.33685400e+00 1.35937503e+07
2.35285300e+00 1.37001438e+07
2.36885200e+00 1.38054511e+07
2.38485100e+00 1.39096608e+07
2.40085000e+00 1.40127617e+07
2.41684900e+00 1.41147430e+07
2.43284800e+00 1.42155945e+07
2.44884700e+00 1.43153062e+07
2.46484600e+00 1.44138688e+07
2.48084500e+00 1.45112732e+07
2.49684400e+00 1.46075106e+07
2.51284300e+00 1.47025728e+07
2.52884200e+00 1.47964520e+07
2.54484100e+00 1.48890733e+07
2.56084000e+00 1.49805600e+07
2.57683900e+00 1.50708421e+07
2.59283800e+00 1.51599135e+07
2.60883700e+00 1.52477681e+07
2.62483600e+00 1.53344002e+07
2.64083500e+00 1.54198046e+07
2.65683400e+00 1.55039763e+07
2.67283300e+00 1.55869108e+07
2.68883200e+00 1.56686038e+07
2.70483100e+00 1.57490514e+07
2.72083000e+00 1.58282500e+07
2.73682900e+00 1.59061965e+07
2.75282800e+00 1.59828877e+07
2.76882700e+00 1.60583213e+07
2.78482600e+00 1.61324948e+07
2.80082500e+00 1.62054062e+07
2.81682400e+00 1.62770538e+07
2.83282300e+00 1.63474363e+07
2.84882200e+00 1.64165525e+07
2.86482100e+00 1.64844016e+07
2.88082000e+00 1.65509831e+07
2.89681900e+00 1.66162966e+07
2.91281800e+00 1.66803422e+07
2.92881700e+00 1.67431201e+07
2.94481600e+00 1.68046309e+07
2.96081500e+00 1.68648753e+07
2.97681400e+00 1.69238543e+07
2.99281300e+00 1.69815693e+07
3.00881200e+00 1.70380217e+07
3.02481100e+00 1.70932133e+07
3.04081000e+00 1.71471461e+07
3.05680900e+00 1.71998222e+07
3.07280800e+00 1.72512442e+07
3.08880700e+00 1.73014146e+07
3.10480600e+00 1.73503363e+07
3.12080500e+00 1.73980124e+07
3.13680400e+00 1.74444461e+07
3.15280300e+00 1.74896410e+07
3.16880200e+00 1.75336007e+07
3.18480100e+00 1.75763290e+07
3.20080000e+00 1.76178301e+07
3.21679900e+00 1.76581080e+07
3.23279800e+00 1.76971673e+07
3.24879700e+00 1.77350124e+07
3.26479600e+00 1.77716482e+07
3.28079500e+00 1.78070795e+07
3.29679400e+00 1.78413115e+07
3.31279300e+00 1.78743493e+07
3.32879200e+00 1.79065593e+07
3.34479100e+00 1.79372273e+07
3.36079000e+00 1.79667177e+07
3.37678900e+00 1.79950363e+07
3.39278800e+00 1.80221890e+07
3.40878700e+00 1.80481820e+07
3.42478600e+00 1.80730215e+07
3.44078500e+00 1.80967137e+07
3.45678400e+00 1.81192652e+07
3.47278300e+00 1.81406826e+07
3.48878200e+00 1.81609724e+07
3.50478100e+00 1.81801416e+07
3.52078000e+00 1.81981970e+07
3.53677900e+00 1.82151457e+07
3.55277800e+00 1.82309948e+07
3.56877700e+00 1.82457514e+07
3.58477600e+00 1.82594229e+07
3.60077500e+00 1.82720168e+07
3.61677400e+00 1.82835404e+07
3.63277300e+00 1.82940014e+07
3.64877200e+00 1.83034074e+07
3.66477100e+00 1.83117661e+07
3.68077000e+00 1.83190854e+07
3.69676900e+00 1.83253731e+07
3.71276800e+00 1.83306372e+07
3.72876700e+00 1.83348856e+07
3.74476600e+00 1.83381266e+07
3.76076500e+00 1.83403681e+07
3.77676400e+00 1.83416185e+07
3.79276300e+00 1.83418859e+07
3.80876200e+00 1.83411786e+07
3.82476100e+00 1.83395051e+07
3.84076000e+00 1.83368737e+07
3.85675900e+00 1.83332929e+07
3.87275800e+00 1.83287711e+07
3.88875700e+00 1.83233169e+07
3.90475600e+00 1.83169389e+07
3.92075500e+00 1.83096455e+07
3.93675400e+00 1.83014456e+07
3.95275300e+00 1.82923477e+07
3.96875200e+00 1.82823605e+07
3.98475100e+00 1.82714928e+07
4.00075000e+00 1.82597533e+07
4.01674900e+00 1.82471507e+07
4.03274800e+00 1.82336938e+07
4.04874700e+00 1.82193915e+07
4.06474600e+00 1.82042525e+07
4.08074500e+00 1.81882853e+07
4.09674400e+00 1.81714994e+07
4.11274300e+00 1.81539034e+07
4.12874200e+00 1.81355061e+07
4.14474100e+00 1.81163163e+07
4.16074000e+00 1.80963429e+07
4.17673900e+00 1.80755949e+07
4.19273800e+00 1.80540809e+07
4.20873700e+00 1.80318099e+07
4.22473600e+00 1.80087908e+07
4.24073500e+00 1.79850324e+07
4.25673400e+00 1.79605436e+07
4.27273300e+00 1.79353331e+07
4.28873200e+00 1.79094099e+07
4.30473100e+00 1.78827827e+07
4.32073000e+00 1.78554603e+07
4.33672900e+00 1.78274516e+07
4.35272800e+00 1.77987653e+07
4.36872700e+00 1.77694101e+07
4.38472600e+00 1.77393948e+07
4.40072500e+00 1.77087282e+07
4.41672400e+00 1.76774189e+07
4.43272300e+00 1.76454760e+07
4.44872200e+00 1.76129073e+07
4.46472100e+00 1.75797219e+07
4.48072000e+00 1.75459284e+07
4.49671900e+00 1.75115353e+07
4.51271800e+00 1.74765512e+07
4.52871700e+00 1.74409847e+07
4.54471600e+00 1.74048441e+07
4.56071500e+00 1.73681581e+07
4.57671400e+00 1.73308950e+07
4.59271300e+00 1.72930832e+07
4.60871200e+00 1.72547310e+07
4.62471100e+00 1.72158468e+07
4.64071000e+00 1.71764389e+07
4.65670900e+00 1.71365155e+07
4.67270800e+00 1.70960848e+07
4.68870700e+00 1.70551550e+07
4.70470600e+00 1.70137342e+07
4.72070500e+00 1.69718306e+07
4.73670400e+00 1.69294521e+07
4.75270300e+00 1.68866069e+07
4.76870200e+00 1.68433028e+07
4.78470100e+00 1.67995478e+07
4.80070000e+00 1.67553498e+07
4.81669900e+00 1.67107166e+07
4.83269800e+00 1.66656561e+07
4.84869700e+00 1.66201759e+07
4.86469600e+00 1.65742838e+07
4.88069500e+00 1.65279875e+07
4.89669400e+00 1.64812945e+07
4.91269300e+00 1.64342124e+07
4.92869200e+00 1.63867488e+07
4.94469100e+00 1.63389110e+07
4.96069000e+00 1.62907066e+07
4.97668900e+00 1.62421429e+07
4.99268800e+00 1.61932266e+07
5.00868700e+00 1.61439662e+07
5.02468600e+00 1.60943683e+07
5.04068500e+00 1.60444401e+07
5.05668400e+00 1.59941887e+07
5.07268300e+00 1.59436211e+07
5.08868200e+00 1.58927444e+07
5.10468100e+00 1.58415656e+07
5.12068000e+00 1.57900915e+07
5.13667900e+00 1.57383290e+07
5.15267800e+00 1.56862850e+07
5.16867700e+00 1.56339661e+07
5.18467600e+00 1.55813791e+07
5.20067500e+00 1.55285306e+07
5.21667400e+00 1.54754272e+07
5.23267300e+00 1.54220754e+07
5.24867200e+00 1.53684818e+07
5.26467100e+00 1.53146527e+07
5.28067000e+00 1.52605946e+07
5.29666900e+00 1.52063137e+07
5.31266800e+00 1.51518163e+07
5.32866700e+00 1.50971086e+07
5.34466600e+00 1.50421969e+07
5.36066500e+00 1.49870871e+07
5.37666400e+00 1.49317853e+07
5.39266300e+00 1.48762976e+07
5.40866200e+00 1.48206298e+07
5.42466100e+00 1.47647879e+07
5.44066000e+00 1.47087777e+07
5.45665900e+00 1.46526048e+07
5.47265800e+00 1.45962752e+07
5.48865700e+00 1.45397943e+07
5.50465600e+00 1.44831679e+07
5.52065500e+00 1.44264015e+07
5.53665400e+00 1.43695005e+07
5.55265300e+00 1.43124704e+07
5.56865200e+00 1.42553167e+07
5.58465100e+00 1.41980446e+07
5.60065000e+00 1.41406593e+07
5.61664900e+00 1.40831663e+07
5.63264800e+00 1.40255705e+07
5.64864700e+00 1.39678771e+07
5.66464600e+00 1.39100912e+07
5.68064500e+00 1.38522178e+07
5.69664400e+00 1.37942618e+07
5.71264300e+00 1.37362281e+07
5.72864200e+00 1.36781216e+07
5.74464100e+00 1.36199471e+07
5.76064000e+00 1.35617093e+07
5.77663900e+00 1.35034128e+07
5.79263800e+00 1.34450624e+07
5.80863700e+00 1.33866626e+07
5.82463600e+00 1.33282178e+07
5.84063500e+00 1.32697327e+07
5.85663400e+00 1.32112115e+07
5.87263300e+00 1.31526588e+07
5.88863200e+00 1.30940787e+07
5.90463100e+00 1.30354755e+07
5.92063000e+00 1.29768536e+07
5.93662900e+00 1.29182169e+07
5.95262800e+00 1.28595697e+07
5.96862700e+00 1.28009160e+07
5.98462600e+00 1.27422598e+07
6.00062500e+00 1.26836050e+07
6.01662400e+00 1.26249556e+07
6.03262300e+00 1.25663154e+07
6.04862200e+00 1.25076883e+07
6.06462100e+00 1.24490779e+07
6.08062000e+00 1.23904880e+07
6.09661900e+00 1.23319223e+07
6.11261800e+00 1.22733843e+07
6.12861700e+00 1.22148777e+07
6.14461600e+00 1.21564059e+07
6.16061500e+00 1.20979725e+07
6.17661400e+00 1.20395807e+07
6.19261300e+00 1.19812341e+07
6.20861200e+00 1.19229359e+07
6.22461100e+00 1.18646894e+07
6.24061000e+00 1.18064978e+07
6.25660900e+00 1.17483643e+07
6.27260800e+00 1.16902921e+07
6.28860700e+00 1.16322843e+07
6.30460600e+00 1.15743439e+07
6.32060500e+00 1.15164738e+07
6.33660400e+00 1.14586772e+07
6.35260300e+00 1.14009568e+07
6.36860200e+00 1.13433156e+07
6.38460100e+00 1.12857563e+07
6.40060000e+00 1.12282818e+07
6.41659900e+00 1.11708948e+07
6.43259800e+00 1.11135981e+07
6.44859700e+00 1.10563941e+07
6.46459600e+00 1.09992856e+07
6.48059500e+00 1.09422752e+07
6.49659400e+00 1.08853623e+07
6.51259300e+00 1.08285555e+07
6.52859200e+00 1.07718542e+07
6.54459100e+00 1.07152608e+07
6.56059000e+00 1.06587777e+07
6.57658900e+00 1.06024072e+07
6.59258800e+00 1.05461515e+07
6.60858700e+00 1.04900130e+07
6.62458600e+00 1.04339938e+07
6.64058500e+00 1.03780961e+07
6.65658400e+00 1.03223220e+07
6.67258300e+00 1.02666737e+07
6.68858200e+00 1.02111532e+07
6.70458100e+00 1.01557624e+07
6.72058000e+00 1.01005034e+07
6.73657900e+00 1.00453782e+07
6.75257800e+00 9.99038856e+06
6.76857700e+00 9.93553643e+06
6.78457600e+00 9.88082363e+06
6.80057500e+00 9.82625196e+06
6.81657400e+00 9.77182319e+06
6.83257300e+00 9.71753903e+06
6.84857200e+00 9.66340119e+06
6.86457100e+00 9.60941132e+06
6.88057000e+00 9.55557106e+06
6.89656900e+00 9.50188199e+06
6.91256800e+00 9.44834567e+06
6.92856700e+00 9.39496362e+06
6.94456600e+00 9.34173735e+06
6.96056500e+00 9.28866831e+06
6.97656400e+00 9.23575793e+06
6.99256300e+00 9.18300761e+06
7.00856200e+00 9.13041870e+06
7.02456100e+00 9.07799256e+06
7.04056000e+00 9.02573048e+06
7.05655900e+00 8.97363373e+06
7.07255800e+00 8.92170355e+06
7.08855700e+00 8.86994117e+06
7.10455600e+00 8.81834776e+06
7.12055500e+00 8.76692447e+06
7.13655400e+00 8.71567244e+06
7.15255300e+00 8.66459276e+06
7.16855200e+00 8.61368650e+06
7.18455100e+00 8.56295469e+06
7.20055000e+00 8.51239835e+06
7.21654900e+00 8.46201847e+06
7.23254800e+00 8.41181601e+06
7.24854700e+00 8.36179188e+06
7.26454600e+00 8.31194701e+06
7.28054500e+00 8.26228226e+06
7.29654400e+00 8.21279849e+06
7.31254300e+00 8.16349653e+06
7.32854200e+00 8.11437717e+06
7.34454100e+00 8.06544120e+06
7.36054000e+00 8.01668936e+06
7.37653900e+00 7.96812238e+06
7.39253800e+00 7.91974096e+06
7.40853700e+00 7.87154579e+06
7.42453600e+00 7.82353751e+06
7.44053500e+00 7.77571676e+06
7.45653400e+00 7.72808415e+06
7.47253300e+00 7.68064026e+06
7.48853200e+00 7.63338565e+06
7.50453100e+00 7.58632087e+06
7.52053000e+00 7.53963383e+06
7.53652900e+00 7.49294898e+06
7.55252800e+00 7.44645545e+06
7.56852700e+00 7.40015370e+06
7.58452600e+00 7.35404415e+06
7.60052500e+00 7.30812722e+06
7.61652400e+00 7.26240330e+06
7.63252300e+00 7.21687277e+06
7.64852200e+00 7.17153597e+06
7.66452100e+00 7.12639324e+06
7.68052000e+00 7.08144489e+06
7.69651900e+00 7.03669121e+06
7.71251800e+00 6.99213248e+06
7.72851700e+00 6.94776895e+06
7.74451600e+00 6.90360087e+06
7.76051500e+00 6.85962845e+06
7.77651400e+00 6.81585189e+06
7.79251300e+00 6.77227138e+06
7.80851200e+00 6.72888709e+06
7.82451100e+00 6.68569915e+06
7.84051000e+00 6.64270772e+06
7.85650900e+00 6.59991289e+06
7.87250800e+00 6.55731478e+06
7.88850700e+00 6.51491345e+06
7.90450600e+00 6.47270899e+06
7.92050500e+00 6.43070144e+06
7.93650400e+00 6.38889083e+06
7.95250300e+00 6.34727720e+06
7.96850200e+00 6.30586053e+06
7.98450100e+00 6.26464082e+06
8.00050000e+00 6.22361806e+06
8.01649900e+00 6.18279219e+06
8.03249800e+00 6.14216316e+06
8.04849700e+00 6.10173091e+06
8.06449600e+00 6.06149536e+06
8.08049500e+00 6.02145641e+06
8.09649400e+00 5.98161395e+06
8.11249300e+00 5.94196787e+06
8.12849200e+00 5.90251802e+06
8.14449100e+00 5.86326426e+06
8.16049000e+00 5.82420643e+06
8.17648900e+00 5.78534436e+06
8.19248800e+00 5.74667786e+06
8.20848700e+00 5.70820674e+06
8.22448600e+00 5.66993079e+06
8.24048500e+00 5.63184979e+06
8.25648400e+00 5.59396350e+06
8.27248300e+00 5.55627169e+06
8.28848200e+00 5.51877410e+06
8.30448100e+00 5.48147047e+06
8.32048000e+00 5.44436052e+06
8.33647900e+00 5.40744397e+06
8.35247800e+00 5.37072052e+06
8.36847700e+00 5.33418986e+06
8.38447600e+00 5.29785168e+06
8.40047500e+00 5.26170565e+06
8.41647400e+00 5.22575144e+06
8.43247300e+00 5.18998870e+06
8.44847200e+00 5.15441708e+06
8.46447100e+00 5.11903621e+06
8.48047000e+00 5.08384573e+06
8.49646900e+00 5.04884525e+06
8.51246800e+00 5.01403438e+06
8.52846700e+00 4.97941272e+06
8.54446600e+00 4.94497988e+06
8.56046500e+00 4.91073542e+06
8.57646400e+00 4.87667894e+06
8.59246300e+00 4.84280999e+06
8.60846200e+00 4.80912815e+06
8.62446100e+00 4.77563297e+06
8.64046000e+00 4.74232399e+06
8.65645900e+00 4.70920076e+06
8.67245800e+00 4.67626280e+06
8.68845700e+00 4.64350964e+06
8.70445600e+00 4.61094081e+06
8.72045500e+00 4.57855581e+06
8.73645400e+00 4.54635416e+06
8.75245300e+00 4.51433534e+06
8.76845200e+00 4.48249886e+06
8.78445100e+00 4.45084420e+06
8.80045000e+00 4.41937085e+06
8.81644900e+00 4.38807827e+06
8.83244800e+00 4.35696594e+06
8.84844700e+00 4.32603333e+06
8.86444600e+00 4.29527989e+06
8.88044500e+00 4.26470507e+06
8.89644400e+00 4.23430833e+06
8.91244300e+00 4.20408910e+06
8.92844200e+00 4.17404684e+06
8.94444100e+00 4.14418096e+06
8.96044000e+00 4.11449090e+06
8.97643900e+00 4.08497609e+06
8.99243800e+00 4.05563593e+06
9.00843700e+00 4.02646986e+06
9.02443600e+00 3.99747728e+06
9.04043500e+00 3.96865760e+06
9.05643400e+00 3.94001022e+06
9.07243300e+00 3.91153454e+06
9.08843200e+00 3.88322996e+06
9.10443100e+00 3.85509586e+06
9.12043000e+00 3.82713164e+06
9.13642900e+00 3.79651691e+06
9.15242800e+00 3.76890706e+06
9.16842700e+00 3.74146518e+06
9.18442600e+00 3.71419064e+06
9.20042500e+00 3.68708281e+06
9.21642400e+00 3.66014106e+06
9.23242300e+00 3.63336475e+06
9.24842200e+00 3.60675326e+06
9.26442100e+00 3.58030593e+06
9.28042000e+00 3.55402214e+06
9.29641900e+00 3.52790123e+06
9.31241800e+00 3.50194255e+06
9.32841700e+00 3.47614547e+06
9.34441600e+00 3.45050932e+06
9.36041500e+00 3.42503346e+06
9.37641400e+00 3.39971722e+06
9.39241300e+00 3.37455996e+06
9.40841200e+00 3.34956101e+06
9.42441100e+00 3.32471971e+06
9.44041000e+00 3.30003541e+06
9.45640900e+00 3.27550742e+06
9.47240800e+00 3.25113510e+06
9.48840700e+00 3.22691777e+06
9.50440600e+00 3.20285476e+06
9.52040500e+00 3.17894540e+06
9.53640400e+00 3.15518903e+06
9.55240300e+00 3.13158497e+06
9.56840200e+00 3.10813254e+06
9.58440100e+00 3.08483108e+06
9.60040000e+00 3.06167991e+06
9.61639900e+00 3.03867834e+06
9.63239800e+00 3.01582571e+06
9.64839700e+00 2.99312134e+06
9.66439600e+00 2.97056454e+06
9.68039500e+00 2.94815464e+06
9.69639400e+00 2.92589096e+06
9.71239300e+00 2.90377283e+06
9.72839200e+00 2.88179954e+06
9.74439100e+00 2.85997044e+06
9.76039000e+00 2.83828484e+06
9.77638900e+00 2.81674205e+06
9.79238800e+00 2.79534139e+06
9.80838700e+00 2.77408218e+06
9.82438600e+00 2.75296375e+06
9.84038500e+00 2.73198541e+06
9.85638400e+00 2.71114647e+06
9.87238300e+00 2.69044626e+06
9.88838200e+00 2.66988409e+06
9.90438100e+00 2.64945929e+06
9.92038000e+00 2.62917117e+06
9.93637900e+00 2.60901905e+06
9.95237800e+00 2.58900226e+06
9.96837700e+00 2.56912010e+06
9.98437600e+00 2.54937191e+06
1.00003750e+01 2.52975700e+06
1.00163740e+01 2.51027470e+06
1.00323730e+01 2.49092433e+06
1.00483720e+01 2.47170520e+06
1.00643710e+01 2.45261666e+06
1.00803700e+01 2.43365801e+06
1.00963690e+01 2.41482859e+06
1.01123680e+01 2.39612771e+06
1.01283670e+01 2.37755472e+06
1.01443660e+01 2.35910893e+06
1.01603650e+01 2.34078968e+06
1.01763640e+01 2.32259629e+06
1.01923630e+01 2.30452809e+06
1.02083620e+01 2.28658443e+06
1.02243610e+01 2.26876462e+06
1.02403600e+01 2.25106800e+06
1.02563590e+01 2.23349392e+06
1.02723580e+01 2.21604170e+06
1.02883570e+01 2.19871069e+06
1.03043560e+01 2.18150021e+06
1.03203550e+01 2.16440963e+06
1.03363540e+01 2.14743826e+06
1.03523530e+01 2.13058546e+06
1.03683520e+01 2.11385058e+06
1.03843510e+01 2.09723295e+06
1.04003500e+01 2.08073193e+06
1.04163490e+01 2.06434687e+06
1.04323480e+01 2.04807711e+06
1.04483470e+01 2.03192200e+06
1.04643460e+01 2.01588091e+06
1.04803450e+01 1.99995318e+06
1.04963440e+01 1.98413817e+06
1.05123430e+01 1.96843525e+06
1.05283420e+01 1.95284376e+06
1.05443410e+01 1.93736308e+06
1.05603400e+01 1.92199256e+06
1.05763390e+01 1.90673158e+06
1.05923380e+01 1.89157949e+06
1.06083370e+01 1.87653567e+06
1.06243360e+01 1.86159949e+06
1.06403350e+01 1.84677032e+06
1.06563340e+01 1.83204754e+06
1.06723330e+01 1.81743051e+06
1.06883320e+01 1.80291863e+06
1.07043310e+01 1.78851126e+06
1.07203300e+01 1.77420780e+06
1.07363290e+01 1.76000763e+06
1.07523280e+01 1.74591012e+06
1.07683270e+01 1.73191468e+06
1.07843260e+01 1.71802068e+06
1.08003250e+01 1.70422753e+06
1.08163240e+01 1.69053461e+06
1.08323230e+01 1.67694133e+06
1.08483220e+01 1.66344708e+06
1.08643210e+01 1.65005126e+06
1.08803200e+01 1.63675327e+06
1.08963190e+01 1.62355253e+06
1.09123180e+01 1.61044842e+06
1.09283170e+01 1.59744037e+06
1.09443160e+01 1.58452779e+06
1.09603150e+01 1.57171009e+06
1.09763140e+01 1.55898668e+06
1.09923130e+01 1.54635698e+06
1.10083120e+01 1.53382041e+06
1.10243110e+01 1.52137640e+06
1.10403100e+01 1.50902437e+06
1.10563090e+01 1.49676374e+06
1.10723080e+01 1.48586687e+06
1.10883070e+01 1.47377817e+06
1.11043060e+01 1.46177923e+06
1.11203050e+01 1.44986947e+06
1.11363040e+01 1.43804777e+06
1.11523030e+01 1.42631470e+06
1.11683020e+01 1.41466915e+06
1.11843010e+01 1.40311055e+06
1.12003000e+01 1.39163835e+06
1.12162990e+01 1.38025199e+06
1.12322980e+01 1.36895094e+06
1.12482970e+01 1.35773465e+06
1.12642960e+01 1.34660256e+06
1.12802950e+01 1.33555414e+06
1.12962940e+01 1.32458886e+06
1.13122930e+01 1.31370617e+06
1.13282920e+01 1.30290554e+06
1.13442910e+01 1.29218644e+06
1.13602900e+01 1.28154833e+06
1.13762890e+01 1.27099070e+06
1.13922880e+01 1.26051302e+06
1.14082870e+01 1.25011476e+06
1.14242860e+01 1.23979541e+06
1.14402850e+01 1.22955445e+06
1.14562840e+01 1.21939135e+06
1.14722830e+01 1.20930562e+06
1.14882820e+01 1.19929674e+06
1.15042810e+01 1.18936420e+06
1.15202800e+01 1.17950749e+06
1.15362790e+01 1.16972612e+06
1.15522780e+01 1.16001958e+06
1.15682770e+01 1.15038738e+06
1.15842760e+01 1.14082901e+06
1.16002750e+01 1.13134399e+06
1.16162740e+01 1.12193182e+06
1.16322730e+01 1.11259202e+06
1.16482720e+01 1.10332409e+06
1.16642710e+01 1.09412756e+06
1.16802700e+01 1.08500195e+06
1.16962690e+01 1.07594677e+06
1.17122680e+01 1.06696154e+06
1.17282670e+01 1.05804581e+06
1.17442660e+01 1.04919908e+06
1.17602650e+01 1.04042090e+06
1.17762640e+01 1.03171079e+06
1.17922630e+01 1.02306829e+06
1.18082620e+01 1.01449294e+06
1.18242610e+01 1.00598429e+06
1.18402600e+01 9.97541860e+05
1.18562590e+01 9.89165211e+05
1.18722580e+01 9.80853886e+05
1.18882570e+01 9.72607434e+05
1.19042560e+01 9.64425410e+05
1.19202550e+01 9.56307366e+05
1.19362540e+01 9.48252859e+05
1.19522530e+01 9.40261880e+05
1.19682520e+01 9.32333128e+05
1.19842510e+01 9.24466598e+05
1.20002500e+01 9.16661857e+05
1.20162490e+01 9.08918474e+05
1.20322480e+01 9.01236020e+05
1.20482470e+01 8.93614068e+05
1.20642460e+01 8.86052194e+05
1.20802450e+01 8.78549977e+05
1.20962440e+01 8.71106996e+05
1.21122430e+01 8.63722834e+05
1.21282420e+01 8.56397077e+05
1.21442410e+01 8.49129311e+05
1.21602400e+01 8.41919128e+05
1.21762390e+01 8.34766118e+05
1.21922380e+01 8.27669876e+05
1.22082370e+01 8.20629999e+05
1.22242360e+01 8.13646086e+05
1.22402350e+01 8.06717738e+05
1.22562340e+01 7.99844558e+05
1.22722330e+01 7.93026153e+05
1.22882320e+01 7.86262130e+05
1.23042310e+01 7.79552099e+05
1.23202300e+01 7.72895675e+05
1.23362290e+01 7.66292470e+05
1.23522280e+01 7.59742103e+05
1.23682270e+01 7.53244192e+05
1.23842260e+01 7.46798359e+05
1.24002250e+01 7.40404229e+05
1.24162240e+01 7.34061426e+05
1.24322230e+01 7.27769580e+05
1.24482220e+01 7.21528320e+05
1.24642210e+01 7.15337280e+05
1.24802200e+01 7.09196094e+05
1.24962190e+01 7.03104399e+05
1.25122180e+01 6.97061835e+05
1.25282170e+01 6.91068042e+05
1.25442160e+01 6.85122664e+05
1.25602150e+01 6.79225348e+05
1.25762140e+01 6.73375740e+05
1.25922130e+01 6.67573491e+05
1.26082120e+01 6.61818253e+05
1.26242110e+01 6.56109680e+05
1.26402100e+01 6.50447428e+05
1.26562090e+01 6.44831157e+05
1.26722080e+01 6.39262127e+05
1.26882070e+01 6.33736781e+05
1.27042060e+01 6.28256403e+05
1.27202050e+01 6.22819113e+05
1.27362040e+01 6.17427692e+05
1.27522030e+01 6.12080245e+05
1.27682020e+01 6.06776446e+05
1.27842010e+01 6.01515970e+05
1.28002000e+01 5.96298494e+05
1.28161990e+01 5.91123697e+05
1.28321980e+01 5.85991260e+05
1.28481970e+01 5.80900867e+05
1.28641960e+01 5.75852203e+05
1.28801950e+01 5.70844955e+05
1.28961940e+01 5.65878812e+05
1.29121930e+01 5.60953465e+05
1.29281920e+01 5.56068607e+05
1.29441910e+01 5.51223935e+05
1.29601900e+01 5.46419144e+05
1.29761890e+01 5.41653934e+05
1.29921880e+01 5.36932914e+05
1.30081870e+01 5.32245933e+05
1.30241860e+01 5.27597643e+05
1.30401850e+01 5.22987749e+05
1.30561840e+01 5.18415960e+05
1.30721830e+01 5.13881987e+05
1.30881820e+01 5.09385542e+05
1.31041810e+01 5.04926340e+05
1.31201800e+01 5.00504097e+05
1.31361790e+01 4.96118531e+05
1.31521780e+01 4.91769362e+05
1.31681770e+01 4.87456312e+05
1.31841760e+01 4.83179104e+05
1.32001750e+01 4.78937463e+05
1.32161740e+01 4.74731118e+05
1.32321730e+01 4.70559798e+05
1.32481720e+01 4.66423232e+05
1.32641710e+01 4.62321154e+05
1.32801700e+01 4.58253299e+05
1.32961690e+01 4.54219402e+05
1.33121680e+01 4.50219202e+05
1.33281670e+01 4.46252439e+05
1.33441660e+01 4.42318853e+05
1.33601650e+01 4.38418189e+05
1.33761640e+01 4.34550192e+05
1.33921630e+01 4.30714608e+05
1.34081620e+01 4.26911185e+05
1.34241610e+01 4.23139674e+05
1.34401600e+01 4.19399828e+05
1.34561590e+01 4.15691398e+05
1.34721580e+01 4.12014142e+05
1.34881570e+01 4.08367815e+05
1.35041560e+01 4.04752176e+05
1.35201550e+01 4.01166987e+05
1.35361540e+01 3.97612007e+05
1.35521530e+01 3.94087002e+05
1.35681520e+01 3.90591737e+05
1.35841510e+01 3.87125977e+05
1.36001500e+01 3.83689492e+05
1.36161490e+01 3.80793850e+05
1.36321480e+01 3.77410894e+05
1.36481470e+01 3.74056561e+05
1.36641460e+01 3.70730626e+05
1.36801450e+01 3.67432865e+05
1.36961440e+01 3.64163057e+05
1.37121430e+01 3.60920979e+05
1.37281420e+01 3.57706414e+05
1.37441410e+01 3.54519144e+05
1.37601400e+01 3.51358951e+05
1.37761390e+01 3.48225623e+05
1.37921380e+01 3.45118946e+05
1.38081370e+01 3.42038708e+05
1.38241360e+01 3.38984700e+05
1.38401350e+01 3.35956712e+05
1.38561340e+01 3.32954539e+05
1.38721330e+01 3.29977973e+05
1.38881320e+01 3.27026811e+05
1.39041310e+01 3.24100851e+05
1.39201300e+01 3.21199891e+05
1.39361290e+01 3.18323732e+05
1.39521280e+01 3.15472174e+05
1.39681270e+01 3.12645022e+05
1.39841260e+01 3.09842079e+05
1.40001250e+01 3.07063152e+05
1.40161240e+01 3.04308047e+05
1.40321230e+01 3.01576575e+05
1.40481220e+01 2.98868543e+05
1.40641210e+01 2.96183765e+05
1.40801200e+01 2.93522053e+05
1.40961190e+01 2.90883221e+05
1.41121180e+01 2.88267084e+05
1.41281170e+01 2.85673460e+05
1.41441160e+01 2.83102166e+05
1.41601150e+01 2.80553023e+05
1.41761140e+01 2.78025850e+05
1.41921130e+01 2.75520471e+05
1.42081120e+01 2.73036708e+05
1.42241110e+01 2.70574387e+05
1.42401100e+01 2.68133333e+05
1.42561090e+01 2.65713374e+05
1.42721080e+01 2.63314338e+05
1.42881070e+01 2.60936055e+05
1.43041060e+01 2.58578357e+05
1.43201050e+01 2.56241075e+05
1.43361040e+01 2.53924043e+05
1.43521030e+01 2.51627097e+05
1.43681020e+01 2.49350071e+05
1.43841010e+01 2.47092804e+05
1.44001000e+01 2.44855134e+05
1.44160990e+01 2.42636900e+05
1.44320980e+01 2.40437944e+05
1.44480970e+01 2.38258107e+05
1.44640960e+01 2.36097233e+05
1.44800950e+01 2.33955166e+05
1.44960940e+01 2.31831752e+05
1.45120930e+01 2.29726838e+05
1.45280920e+01 2.27640271e+05
1.45440910e+01 2.25571900e+05
1.45600900e+01 2.23521576e+05
1.45760890e+01 2.21489149e+05
1.45920880e+01 2.19474473e+05
1.46080870e+01 2.17477401e+05
1.46240860e+01 2.15497787e+05
1.46400850e+01 2.13535488e+05
1.46560840e+01 2.11590360e+05
1.46720830e+01 2.09662260e+05
1.46880820e+01 2.07751049e+05
1.47040810e+01 2.05856585e+05
1.47200800e+01 2.03978731e+05
1.47360790e+01 2.02117349e+05
1.47520780e+01 2.00272300e+05
1.47680770e+01 1.98443451e+05
1.47840760e+01 1.96630666e+05
1.48000750e+01 1.94833812e+05
1.48160740e+01 1.93052755e+05
1.48320730e+01 1.91287365e+05
1.48480720e+01 1.89537511e+05
1.48640710e+01 1.87803063e+05
1.48800700e+01 1.86083893e+05
1.48960690e+01 1.84379872e+05
1.49120680e+01 1.82690875e+05
1.49280670e+01 1.81016776e+05
1.49440660e+01 1.79357449e+05
1.49600650e+01 1.77712772e+05
1.49760640e+01 1.76082622e+05
1.49920630e+01 1.74466876e+05
1.50080620e+01 1.72865414e+05
1.50240610e+01 1.71278116e+05
1.50400600e+01 1.69704864e+05
1.50560590e+01 1.68145538e+05
1.50720580e+01 1.66600022e+05
1.50880570e+01 1.65068199e+05
1.51040560e+01 1.63549955e+05
1.51200550e+01 1.62045175e+05
1.51360540e+01 1.60553744e+05
1.51520530e+01 1.59075552e+05
1.51680520e+01 1.57610485e+05
1.51840510e+01 1.56158434e+05
1.52000500e+01 1.54719287e+05
1.52160490e+01 1.53292936e+05
1.52320480e+01 1.51879272e+05
1.52480470e+01 1.50478189e+05
1.52640460e+01 1.49089579e+05
1.52800450e+01 1.47713337e+05
1.52960440e+01 1.46349358e+05
1.53120430e+01 1.44997537e+05
1.53280420e+01 1.43657772e+05
1.53440410e+01 1.42329960e+05
1.53600400e+01 1.41013999e+05
1.53760390e+01 1.39709788e+05
1.53920380e+01 1.38417228e+05
1.54080370e+01 1.37136220e+05
1.54240360e+01 1.35866664e+05
1.54400350e+01 1.34608463e+05
1.54560340e+01 1.33361520e+05
1.54720330e+01 1.32125739e+05
1.54880320e+01 1.30901025e+05
1.55040310e+01 1.29687283e+05
1.55200300e+01 1.28484419e+05
1.55360290e+01 1.27292340e+05
1.55520280e+01 1.26110954e+05
1.55680270e+01 1.24940170e+05
1.55840260e+01 1.23779895e+05
1.56000250e+01 1.22630041e+05
1.56160240e+01 1.21490517e+05
1.56320230e+01 1.20192947e+05
1.56480220e+01 1.19075348e+05
1.56640210e+01 1.17967803e+05
1.56800200e+01 1.16870225e+05
1.56960190e+01 1.15782529e+05
1.57120180e+01 1.14704628e+05
1.57280170e+01 1.13636440e+05
1.57440160e+01 1.12577879e+05
1.57600150e+01 1.11528864e+05
1.57760140e+01 1.10489311e+05
1.57920130e+01 1.09459140e+05
1.58080120e+01 1.08438268e+05
1.58240110e+01 1.07426616e+05
1.58400100e+01 1.06424103e+05
1.58560090e+01 1.05430652e+05
1.58720080e+01 1.04446183e+05
1.58880070e+01 1.03470618e+05
1.59040060e+01 1.02503880e+05
1.59200050e+01 1.01545894e+05
1.59360040e+01 1.00596582e+05
1.59520030e+01 9.96558701e+04
1.59680020e+01 9.87236829e+04
1.59840010e+01 9.77999466e+04
