# 2026-06-09 | 22:39:32 | Calculation performed with SolarAxionFlux v1.1; g_agamma = 5.000000e-11 GeV^-1, g_ae = 1.000000e-13.
# Spectral flux over full solar volume.
# Columns: energy values [keV] | axion flux [cm^-2 s^-1 keV^-1]
1.43500000e+01 3.29886402e-81
1.43501000e+01 8.67575746e-81
1.43502000e+01 2.27729465e-80
1.43503000e+01 5.96622871e-80
1.43504000e+01 1.56008922e-79
1.43505000e+01 4.07162576e-79
1.43506000e+01 1.06060866e-78
1.43507000e+01 2.75747380e-78
1.43508000e+01 7.15544340e-78
1.43509000e+01 1.85323567e-77
1.43510000e+01 4.79064195e-77
1.43511000e+01 1.23602072e-76
1.43512000e+01 3.18292776e-76
1.43513000e+01 8.18081972e-76
1.43514000e+01 2.09863006e-75
1.43515000e+01 5.37333598e-75
1.43516000e+01 1.37316006e-74
1.43517000e+01 3.50241340e-74
1.43518000e+01 8.91626034e-74
1.43519000e+01 2.26551626e-73
1.43520000e+01 5.74540637e-73
1.43521000e+01 1.45426470e-72
1.43522000e+01 3.67396769e-72
1.43523000e+01 9.26395376e-72
1.43524000e+01 2.33145275e-71
1.43525000e+01 5.85633711e-71
1.43526000e+01 1.46823221e-70
1.43527000e+01 3.67394516e-70
1.43528000e+01 9.17571370e-70
1.43529000e+01 2.28726413e-69
1.43530000e+01 5.69065271e-69
1.43531000e+01 1.41311387e-68
1.43532000e+01 3.50236633e-68
1.43533000e+01 8.66393789e-68
1.43534000e+01 2.13913631e-67
1.43535000e+01 5.27146071e-67
1.43536000e+01 1.29656082e-66
1.43537000e+01 3.18290909e-66
1.43538000e+01 7.79875031e-66
1.43539000e+01 1.90719569e-65
1.43540000e+01 4.65516387e-65
1.43541000e+01 1.13408129e-64
1.43542000e+01 2.75754693e-64
1.43543000e+01 6.69223480e-64
1.43544000e+01 1.62102226e-63
1.43545000e+01 3.91900987e-63
1.43546000e+01 9.45656309e-63
1.43547000e+01 2.27750793e-62
1.43548000e+01 5.47464671e-62
1.43549000e+01 1.31347540e-61
1.43550000e+01 3.14526653e-61
1.43551000e+01 7.51731322e-61
1.43552000e+01 1.79323638e-60
1.43553000e+01 4.26955055e-60
1.43554000e+01 1.01460388e-59
1.43555000e+01 2.40647104e-59
1.43556000e+01 5.69684679e-59
1.43557000e+01 1.34604085e-58
1.43558000e+01 3.17432773e-58
1.43559000e+01 7.47162599e-58
1.43560000e+01 1.75528785e-57
1.43561000e+01 4.11577331e-57
1.43562000e+01 9.63217687e-57
1.43563000e+01 2.24992153e-56
1.43564000e+01 5.24541959e-56
1.43565000e+01 1.22057103e-55
1.43566000e+01 2.83475718e-55
1.43567000e+01 6.57110901e-55
1.43568000e+01 1.52030773e-54
1.43569000e+01 3.51070533e-54
1.43570000e+01 8.09146794e-54
1.43571000e+01 1.86135985e-53
1.43572000e+01 4.27369451e-53
1.43573000e+01 9.79369860e-53
1.43574000e+01 2.24006254e-52
1.43575000e+01 5.11379981e-52
1.43576000e+01 1.16519200e-51
1.43577000e+01 2.64985115e-51
1.43578000e+01 6.01472392e-51
1.43579000e+01 1.36263699e-50
1.43580000e+01 3.08116481e-50
1.43581000e+01 6.95376461e-50
1.43582000e+01 1.56637363e-49
1.43583000e+01 3.52160861e-49
1.43584000e+01 7.90236669e-49
1.43585000e+01 1.76987933e-48
1.43586000e+01 3.95640324e-48
1.43587000e+01 8.82729977e-48
1.43588000e+01 1.96573811e-47
1.43589000e+01 4.36911948e-47
1.43590000e+01 9.69243031e-47
1.43591000e+01 2.14606058e-46
1.43592000e+01 4.74265811e-46
1.43593000e+01 1.04609766e-45
1.43594000e+01 2.30299628e-45
1.43595000e+01 5.06040017e-45
1.43596000e+01 1.10980616e-44
1.43597000e+01 2.42929392e-44
1.43598000e+01 5.30742279e-44
1.43599000e+01 1.15733216e-43
1.43600000e+01 2.51885457e-43
1.43601000e+01 5.47165779e-43
1.43602000e+01 1.18633009e-42
1.43603000e+01 2.56721934e-42
1.43604000e+01 5.54486834e-42
1.43605000e+01 1.19533699e-41
1.43606000e+01 2.57193723e-41
1.43607000e+01 5.52333362e-41
1.43608000e+01 1.18389482e-40
1.43609000e+01 2.53277099e-40
1.43610000e+01 5.40816220e-40
1.43611000e+01 1.15258908e-39
1.43612000e+01 2.42634308e-39
1.43613000e+01 5.15142430e-39
1.43614000e+01 1.09162572e-38
1.43615000e+01 2.30882782e-38
1.43616000e+01 4.87394595e-38
1.43617000e+01 1.02693101e-37
1.43618000e+01 2.15959968e-37
1.43619000e+01 4.53290574e-37
1.43620000e+01 9.49623814e-37
1.43621000e+01 1.98562853e-36
1.43622000e+01 4.14396366e-36
1.43623000e+01 8.63188055e-36
1.43624000e+01 1.79459511e-35
1.43625000e+01 3.72390970e-35
1.43626000e+01 7.71264655e-35
1.43627000e+01 1.59433423e-34
1.43628000e+01 3.28947802e-34
1.43629000e+01 6.77401746e-34
1.43630000e+01 1.39231456e-33
1.43631000e+01 2.85627603e-33
1.43632000e+01 5.84836902e-33
1.43633000e+01 1.19520161e-32
1.43634000e+01 2.43791975e-32
1.43635000e+01 4.96328831e-32
1.43636000e+01 1.00853620e-31
1.43637000e+01 2.04543362e-31
1.43638000e+01 4.14048515e-31
1.43639000e+01 8.36544486e-31
1.43640000e+01 1.68693693e-30
1.43641000e+01 3.39531968e-30
1.43642000e+01 6.82078792e-30
1.43643000e+01 1.36760442e-29
1.43644000e+01 2.73689761e-29
1.43645000e+01 5.46674396e-29
1.43646000e+01 1.08986091e-28
1.43647000e+01 2.16863071e-28
1.43648000e+01 4.30697492e-28
1.43649000e+01 8.53751191e-28
1.43650000e+01 1.68912804e-27
1.43651000e+01 3.33553971e-27
1.43652000e+01 6.57418596e-27
1.43653000e+01 1.29327298e-26
1.43654000e+01 2.53928125e-26
1.43655000e+01 4.97626863e-26
1.43656000e+01 9.73350515e-26
1.43657000e+01 1.90023440e-25
1.43658000e+01 3.70269194e-25
1.43659000e+01 7.20112766e-25
1.43660000e+01 1.39783526e-24
1.43661000e+01 2.70822069e-24
1.43662000e+01 5.23702589e-24
1.43663000e+01 1.01078323e-23
1.43664000e+01 1.94717061e-23
1.43665000e+01 3.74388654e-23
1.43666000e+01 7.18478999e-23
1.43667000e+01 1.37618948e-22
1.43668000e+01 2.63096563e-22
1.43669000e+01 5.02024521e-22
1.43670000e+01 9.56109277e-22
1.43671000e+01 1.81745225e-21
1.43672000e+01 3.44819160e-21
1.43673000e+01 6.52969216e-21
1.43674000e+01 1.23414728e-20
1.43675000e+01 2.32816775e-20
1.43676000e+01 4.38363690e-20
1.43677000e+01 8.23811665e-20
1.43678000e+01 1.54523447e-19
1.43679000e+01 2.89290357e-19
1.43680000e+01 5.40563450e-19
1.43681000e+01 1.00816723e-18
1.43682000e+01 1.87668633e-18
1.43683000e+01 3.48677600e-18
1.43684000e+01 6.46591037e-18
1.43685000e+01 1.19676428e-17
1.43686000e+01 2.21085823e-17
1.43687000e+01 4.07649151e-17
1.43688000e+01 7.50214737e-17
1.43689000e+01 1.37802810e-16
1.43690000e+01 2.52641112e-16
1.43691000e+01 4.62299551e-16
1.43692000e+01 8.44338224e-16
1.43693000e+01 1.53915725e-15
1.43694000e+01 2.80041975e-15
1.43695000e+01 5.08553795e-15
1.43696000e+01 9.21773734e-15
1.43697000e+01 1.66757530e-14
1.43698000e+01 3.01106621e-14
1.43699000e+01 5.42661383e-14
1.43700000e+01 9.76138236e-14
1.43701000e+01 1.75253847e-13
1.43702000e+01 3.14049175e-13
1.43703000e+01 5.61696410e-13
1.43704000e+01 1.00271975e-12
1.43705000e+01 1.78661696e-12
1.43706000e+01 3.17729348e-12
1.43707000e+01 5.63971609e-12
1.43708000e+01 9.99151208e-12
1.43709000e+01 1.76676706e-11
1.43710000e+01 3.11818230e-11
1.43711000e+01 5.49285177e-11
1.43712000e+01 9.65758323e-11
1.43713000e+01 1.69477979e-10
1.43714000e+01 2.96846798e-10
1.43715000e+01 5.18950299e-10
1.43716000e+01 9.05510534e-10
1.43717000e+01 1.57701428e-09
1.43718000e+01 2.74127216e-09
1.43719000e+01 4.75601412e-09
1.43720000e+01 8.23585322e-09
1.43721000e+01 1.42347086e-08
1.43722000e+01 2.45563105e-08
1.43723000e+01 4.22816807e-08
1.43724000e+01 7.26634468e-08
1.43725000e+01 1.24639130e-07
1.43726000e+01 2.13386785e-07
1.43727000e+01 3.64632491e-07
1.43728000e+01 6.21896307e-07
1.43729000e+01 1.05865730e-06
1.43730000e+01 1.79873695e-06
1.43731000e+01 3.05038597e-06
1.43732000e+01 5.16317501e-06
1.43733000e+01 8.72275847e-06
1.43734000e+01 1.47084136e-05
1.43735000e+01 2.47544250e-05
1.43736000e+01 4.15829131e-05
1.43737000e+01 6.97191484e-05
1.43738000e+01 1.16671389e-04
1.43739000e+01 1.94873070e-04
1.43740000e+01 3.24873653e-04
1.43741000e+01 5.40570568e-04
1.43742000e+01 8.97771009e-04
1.43743000e+01 1.48817522e-03
1.43744000e+01 2.46216930e-03
1.43745000e+01 4.06590417e-03
1.43746000e+01 6.70149636e-03
1.43747000e+01 1.10245759e-02
1.43748000e+01 1.81020387e-02
1.43749000e+01 2.96666574e-02
1.43750000e+01 4.85272083e-02
1.43751000e+01 7.92278008e-02
1.43752000e+01 1.29105734e-01
1.43753000e+01 2.09985416e-01
1.43754000e+01 3.40885432e-01
1.43755000e+01 5.52336183e-01
1.43756000e+01 8.93252675e-01
1.43757000e+01 1.44185295e+00
1.43758000e+01 2.32296926e+00
1.43759000e+01 3.73544063e+00
1.43760000e+01 5.99537194e+00
1.43761000e+01 9.60431458e+00
1.43762000e+01 1.53565129e+01
1.43763000e+01 2.45072657e+01
1.43764000e+01 3.90367062e+01
1.43765000e+01 6.20622561e+01
1.43766000e+01 9.84822750e+01
1.43767000e+01 1.55978500e+02
1.43768000e+01 2.46574177e+02
1.43769000e+01 3.89051115e+02
1.43770000e+01 6.12691684e+02
1.43771000e+01 9.63060542e+02
1.43772000e+01 1.51092013e+03
1.43773000e+01 2.36595112e+03
1.43774000e+01 3.69782542e+03
1.43775000e+01 5.76850728e+03
1.43776000e+01 8.98166639e+03
1.43777000e+01 1.39581178e+04
1.43778000e+01 2.16507672e+04
1.43779000e+01 3.35194004e+04
1.43780000e+01 5.17959425e+04
1.43781000e+01 7.98862094e+04
1.43782000e+01 1.22977169e+05
1.43783000e+01 1.88953001e+05
1.43784000e+01 2.89774224e+05
1.43785000e+01 4.43549798e+05
1.43786000e+01 6.77644193e+05
1.43787000e+01 1.03332701e+06
1.43788000e+01 1.57271703e+06
1.43789000e+01 2.38913213e+06
1.43790000e+01 3.62248450e+06
1.43791000e+01 5.48213486e+06
1.43792000e+01 8.28075095e+06
1.43793000e+01 1.24843685e+07
1.43794000e+01 1.87862589e+07
1.43795000e+01 2.82157051e+07
1.43796000e+01 4.22978615e+07
1.43797000e+01 6.32882122e+07
1.43798000e+01 9.45157468e+07
1.43799000e+01 1.40884252e+08
1.43800000e+01 2.09603091e+08
1.43801000e+01 3.11250369e+08
1.43802000e+01 4.61316551e+08
1.43803000e+01 6.82441101e+08
1.43804000e+01 1.00764672e+09
1.43805000e+01 1.48500668e+09
1.43806000e+01 2.18436651e+09
1.43807000e+01 3.20700478e+09
1.43808000e+01 4.69948967e+09
1.43809000e+01 6.87351345e+09
1.43810000e+01 1.00342257e+10
1.43811000e+01 1.46206248e+10
1.43812000e+01 2.12630218e+10
1.43813000e+01 3.08646253e+10
1.43814000e+01 4.47171381e+10
1.43815000e+01 6.46642058e+10
1.43816000e+01 9.33320570e+10
1.43817000e+01 1.34454287e+11
1.43818000e+01 1.93328277e+11
1.43819000e+01 2.77455284e+11
1.43820000e+01 3.97436262e+11
1.43821000e+01 5.68223023e+11
1.43822000e+01 8.10862067e+11
1.43823000e+01 1.15492009e+12
1.43824000e+01 1.64185065e+12
1.43825000e+01 2.32965760e+12
1.43826000e+01 3.29934123e+12
1.43827000e+01 4.66379046e+12
1.43828000e+01 6.58002345e+12
1.43829000e+01 9.26600276e+12
1.43830000e+01 1.30236865e+13
1.43831000e+01 1.82705625e+13
1.43832000e+01 2.55826970e+13
1.43833000e+01 3.57533799e+13
1.43834000e+01 4.98728500e+13
1.43835000e+01 6.94364514e+13
1.43836000e+01 9.64910492e+13
1.43837000e+01 1.33832827e+14
1.43838000e+01 1.85273929e+14
1.43839000e+01 2.56001160e+14
1.43840000e+01 3.53057496e+14
1.43841000e+01 4.85987094e+14
1.43842000e+01 6.67697492e+14
1.43843000e+01 9.15609667e+14
1.43844000e+01 1.25318882e+15
1.43845000e+01 1.71197758e+15
1.43846000e+01 2.33429074e+15
1.43847000e+01 3.17677914e+15
1.43848000e+01 4.31513297e+15
1.43849000e+01 5.85027541e+15
1.43850000e+01 7.91650119e+15
1.43851000e+01 1.06921480e+16
1.43852000e+01 1.44135587e+16
1.43853000e+01 1.93933089e+16
1.43854000e+01 2.60439526e+16
1.43855000e+01 3.49088881e+16
1.43856000e+01 4.67023910e+16
1.43857000e+01 6.23614250e+16
1.43858000e+01 8.31125468e+16
1.43859000e+01 1.10558114e+17
1.43860000e+01 1.46787116e+17
1.43861000e+01 1.94517353e+17
1.43862000e+01 2.57277418e+17
1.43863000e+01 3.39639101e+17
1.43864000e+01 4.47513546e+17
1.43865000e+01 5.88527770e+17
1.43866000e+01 7.72502300e+17
1.43867000e+01 1.01205570e+18
1.43868000e+01 1.32336799e+18
1.43869000e+01 1.72714246e+18
1.43870000e+01 2.24981477e+18
1.43871000e+01 2.92506939e+18
1.43872000e+01 3.79573700e+18
1.43873000e+01 4.91616333e+18
1.43874000e+01 6.35515945e+18
1.43875000e+01 8.19966781e+18
1.43876000e+01 1.05593069e+19
1.43877000e+01 1.35719921e+19
1.43878000e+01 1.74108705e+19
1.43879000e+01 2.22928572e+19
1.43880000e+01 2.84891175e+19
1.43881000e+01 3.63379073e+19
1.43882000e+01 4.62602646e+19
1.43883000e+01 5.87791385e+19
1.43884000e+01 7.45426507e+19
1.43885000e+01 9.43523140e+19
1.43886000e+01 1.19197178e+20
1.43887000e+01 1.50295044e+20
1.43888000e+01 1.89142085e+20
1.43889000e+01 2.37572445e+20
1.43890000e+01 2.97829612e+20
1.43891000e+01 3.72651717e+20
1.43892000e+01 4.65373156e+20
1.43893000e+01 5.80045394e+20
1.43894000e+01 7.21580141e+20
1.43895000e+01 8.95918635e+20
1.43896000e+01 1.11023122e+21
1.43897000e+01 1.37315198e+21
1.43898000e+01 1.69505394e+21
1.43899000e+01 2.08837071e+21
1.43900000e+01 2.56797163e+21
1.43901000e+01 3.15159781e+21
1.43902000e+01 3.86036770e+21
1.43903000e+01 4.71936128e+21
1.43904000e+01 5.75829336e+21
1.43905000e+01 7.01228699e+21
1.43906000e+01 8.52275923e+21
1.43907000e+01 1.03384324e+22
1.43908000e+01 1.25164849e+22
1.43909000e+01 1.51238561e+22
1.43910000e+01 1.82387223e+22
1.43911000e+01 2.19521583e+22
1.43912000e+01 2.63700039e+22
1.43913000e+01 3.16149507e+22
1.43914000e+01 3.78288679e+22
1.43915000e+01 4.51753848e+22
1.43916000e+01 5.38427458e+22
1.43917000e+01 6.40469545e+22
1.43918000e+01 7.60352224e+22
1.43919000e+01 9.00897329e+22
1.43920000e+01 1.06531733e+23
1.43921000e+01 1.25725957e+23
1.43922000e+01 1.48085391e+23
1.43923000e+01 1.74076362e+23
1.43924000e+01 2.04223969e+23
1.43925000e+01 2.39117813e+23
1.43926000e+01 2.79418027e+23
1.43927000e+01 3.25861563e+23
1.43928000e+01 3.79268703e+23
1.43929000e+01 4.40549738e+23
1.43930000e+01 5.10711758e+23
1.43931000e+01 5.90865475e+23
1.43932000e+01 6.82232002e+23
1.43933000e+01 7.86149466e+23
1.43934000e+01 9.04079364e+23
1.43935000e+01 1.03761252e+24
1.43936000e+01 1.18847449e+24
1.43937000e+01 1.35853030e+24
1.43938000e+01 1.54978827e+24
1.43939000e+01 1.76440284e+24
1.43940000e+01 2.00467606e+24
1.43941000e+01 2.27305778e+24
1.43942000e+01 2.57214400e+24
1.43943000e+01 2.90467352e+24
1.43944000e+01 3.27352236e+24
1.43945000e+01 3.68169599e+24
1.43946000e+01 4.13231900e+24
1.43947000e+01 4.62862215e+24
1.43948000e+01 5.17392645e+24
1.43949000e+01 5.77162435e+24
1.43950000e+01 6.42515776e+24
1.43951000e+01 7.13799282e+24
1.43952000e+01 7.91359147e+24
1.43953000e+01 8.75537977e+24
1.43954000e+01 9.66671296e+24
1.43955000e+01 1.06508375e+25
1.43956000e+01 1.17108502e+25
1.43957000e+01 1.28496545e+25
1.43958000e+01 1.40699147e+25
1.43959000e+01 1.53740081e+25
1.43960000e+01 1.67639754e+25
1.43961000e+01 1.82414699e+25
1.43962000e+01 1.98077073e+25
1.43963000e+01 2.14634146e+25
1.43964000e+01 2.32087800e+25
1.43965000e+01 2.50434055e+25
1.43966000e+01 2.69662609e+25
1.43967000e+01 2.89756413e+25
1.43968000e+01 3.10691296e+25
1.43969000e+01 3.32435629e+25
1.43970000e+01 3.54950054e+25
1.43971000e+01 3.78187280e+25
1.43972000e+01 4.02091949e+25
1.43973000e+01 4.26600590e+25
1.43974000e+01 4.51641655e+25
1.43975000e+01 4.77135651e+25
1.43976000e+01 5.02995373e+25
1.43977000e+01 5.29126226e+25
1.43978000e+01 5.55426664e+25
1.43979000e+01 5.81788720e+25
1.43980000e+01 6.08098639e+25
1.43981000e+01 6.34237610e+25
1.43982000e+01 6.60082589e+25
1.43983000e+01 6.85507209e+25
1.43984000e+01 7.10382760e+25
1.43985000e+01 7.34579245e+25
1.43986000e+01 7.57966488e+25
1.43987000e+01 7.80415283e+25
1.43988000e+01 8.01798572e+25
1.43989000e+01 8.21992642e+25
1.43990000e+01 8.40878315e+25
1.43991000e+01 8.58342122e+25
1.43992000e+01 8.74277443e+25
1.43993000e+01 8.88585597e+25
1.43994000e+01 9.01176871e+25
1.43995000e+01 9.11971456e+25
1.43996000e+01 9.20900306e+25
1.43997000e+01 9.27905870e+25
1.43998000e+01 9.32942724e+25
1.43999000e+01 9.35978061e+25
1.44000000e+01 9.36992051e+25
1.44001000e+01 9.35978061e+25
1.44002000e+01 9.32942724e+25
1.44003000e+01 9.27905870e+25
1.44004000e+01 9.20900306e+25
1.44005000e+01 9.11971456e+25
1.44006000e+01 9.01176871e+25
1.44007000e+01 8.88585597e+25
1.44008000e+01 8.74277443e+25
1.44009000e+01 8.58342122e+25
1.44010000e+01 8.40878315e+25
1.44011000e+01 8.21992642e+25
1.44012000e+01 8.01798572e+25
1.44013000e+01 7.80415283e+25
1.44014000e+01 7.57966488e+25
1.44015000e+01 7.34579245e+25
1.44016000e+01 7.10382760e+25
1.44017000e+01 6.85507209e+25
1.44018000e+01 6.60082589e+25
1.44019000e+01 6.34237610e+25
1.44020000e+01 6.08098639e+25
1.44021000e+01 5.81788720e+25
1.44022000e+01 5.55426664e+25
1.44023000e+01 5.29126226e+25
1.44024000e+01 5.02995373e+25
1.44025000e+01 4.77135651e+25
1.44026000e+01 4.51641655e+25
1.44027000e+01 4.26600590e+25
1.44028000e+01 4.02091949e+25
1.44029000e+01 3.78187280e+25
1.44030000e+01 3.54950054e+25
1.44031000e+01 3.32435629e+25
1.44032000e+01 3.10691296e+25
1.44033000e+01 2.89756413e+25
1.44034000e+01 2.69662609e+25
1.44035000e+01 2.50434055e+25
1.44036000e+01 2.32087800e+25
1.44037000e+01 2.14634146e+25
1.44038000e+01 1.98077073e+25
1.44039000e+01 1.82414699e+25
1.44040000e+01 1.67639754e+25
1.44041000e+01 1.53740081e+25
1.44042000e+01 1.40699147e+25
1.44043000e+01 1.28496545e+25
1.44044000e+01 1.17108502e+25
1.44045000e+01 1.06508375e+25
1.44046000e+01 9.66671296e+24
1.44047000e+01 8.75537977e+24
1.44048000e+01 7.91359147e+24
1.44049000e+01 7.13799282e+24
1.44050000e+01 6.42515776e+24
1.44051000e+01 5.77162435e+24
1.44052000e+01 5.17392645e+24
1.44053000e+01 4.62862215e+24
1.44054000e+01 4.13231900e+24
1.44055000e+01 3.68169599e+24
1.44056000e+01 3.27352236e+24
1.44057000e+01 2.90467352e+24
1.44058000e+01 2.57214400e+24
1.44059000e+01 2.27305778e+24
1.44060000e+01 2.00467606e+24
1.44061000e+01 1.76440284e+24
1.44062000e+01 1.54978827e+24
1.44063000e+01 1.35853030e+24
1.44064000e+01 1.18847449e+24
1.44065000e+01 1.03761252e+24
1.44066000e+01 9.04079364e+23
1.44067000e+01 7.86149466e+23
1.44068000e+01 6.82232002e+23
1.44069000e+01 5.90865475e+23
1.44070000e+01 5.10711758e+23
1.44071000e+01 4.40549738e+23
1.44072000e+01 3.79268703e+23
1.44073000e+01 3.25861563e+23
1.44074000e+01 2.79418027e+23
1.44075000e+01 2.39117813e+23
1.44076000e+01 2.04223969e+23
1.44077000e+01 1.74076362e+23
1.44078000e+01 1.48085391e+23
1.44079000e+01 1.25725957e+23
1.44080000e+01 1.06531733e+23
1.44081000e+01 9.00897329e+22
1.44082000e+01 7.60352224e+22
1.44083000e+01 6.40469545e+22
1.44084000e+01 5.38427458e+22
1.44085000e+01 4.51753848e+22
1.44086000e+01 3.78288679e+22
1.44087000e+01 3.16149507e+22
1.44088000e+01 2.63700039e+22
1.44089000e+01 2.19521583e+22
1.44090000e+01 1.82387223e+22
1.44091000e+01 1.51238561e+22
1.44092000e+01 1.25164849e+22
1.44093000e+01 1.03384324e+22
1.44094000e+01 8.52275923e+21
1.44095000e+01 7.01228699e+21
1.44096000e+01 5.75829336e+21
1.44097000e+01 4.71936128e+21
1.44098000e+01 3.86036770e+21
1.44099000e+01 3.15159781e+21
1.44100000e+01 2.56797163e+21
1.44101000e+01 2.08837071e+21
1.44102000e+01 1.69505394e+21
1.44103000e+01 1.37315198e+21
1.44104000e+01 1.11023122e+21
1.44105000e+01 8.95918635e+20
1.44106000e+01 7.21580141e+20
1.44107000e+01 5.80045394e+20
1.44108000e+01 4.65373156e+20
1.44109000e+01 3.72651717e+20
1.44110000e+01 2.97829612e+20
1.44111000e+01 2.37572445e+20
1.44112000e+01 1.89142085e+20
1.44113000e+01 1.50295044e+20
1.44114000e+01 1.19197178e+20
1.44115000e+01 9.43523140e+19
1.44116000e+01 7.45426507e+19
1.44117000e+01 5.87791385e+19
1.44118000e+01 4.62602646e+19
1.44119000e+01 3.63379073e+19
1.44120000e+01 2.84891175e+19
1.44121000e+01 2.22928572e+19
1.44122000e+01 1.74108705e+19
1.44123000e+01 1.35719921e+19
1.44124000e+01 1.05593069e+19
1.44125000e+01 8.19966781e+18
1.44126000e+01 6.35515945e+18
1.44127000e+01 4.91616333e+18
1.44128000e+01 3.79573700e+18
1.44129000e+01 2.92506939e+18
1.44130000e+01 2.24981477e+18
1.44131000e+01 1.72714246e+18
1.44132000e+01 1.32336799e+18
1.44133000e+01 1.01205570e+18
1.44134000e+01 7.72502300e+17
1.44135000e+01 5.88527770e+17
1.44136000e+01 4.47513546e+17
1.44137000e+01 3.39639101e+17
1.44138000e+01 2.57277418e+17
1.44139000e+01 1.94517353e+17
1.44140000e+01 1.46787116e+17
1.44141000e+01 1.10558114e+17
1.44142000e+01 8.31125468e+16
1.44143000e+01 6.23614250e+16
1.44144000e+01 4.67023910e+16
1.44145000e+01 3.49088881e+16
1.44146000e+01 2.60439526e+16
1.44147000e+01 1.93933089e+16
1.44148000e+01 1.44135587e+16
1.44149000e+01 1.06921480e+16
1.44150000e+01 7.91650119e+15
1.44151000e+01 5.85027541e+15
1.44152000e+01 4.31513297e+15
1.44153000e+01 3.17677914e+15
1.44154000e+01 2.33429074e+15
1.44155000e+01 1.71197758e+15
1.44156000e+01 1.25318882e+15
1.44157000e+01 9.15609667e+14
1.44158000e+01 6.67697492e+14
1.44159000e+01 4.85987094e+14
1.44160000e+01 3.53057496e+14
1.44161000e+01 2.56001160e+14
1.44162000e+01 1.85273929e+14
1.44163000e+01 1.33832827e+14
1.44164000e+01 9.64910492e+13
1.44165000e+01 6.94364514e+13
1.44166000e+01 4.98728500e+13
1.44167000e+01 3.57533799e+13
1.44168000e+01 2.55826970e+13
1.44169000e+01 1.82705625e+13
1.44170000e+01 1.30236865e+13
1.44171000e+01 9.26600276e+12
1.44172000e+01 6.58002345e+12
1.44173000e+01 4.66379046e+12
1.44174000e+01 3.29934123e+12
1.44175000e+01 2.32965760e+12
1.44176000e+01 1.64185065e+12
1.44177000e+01 1.15492009e+12
1.44178000e+01 8.10862067e+11
1.44179000e+01 5.68223023e+11
1.44180000e+01 3.97436262e+11
1.44181000e+01 2.77455284e+11
1.44182000e+01 1.93328277e+11
1.44183000e+01 1.34454287e+11
1.44184000e+01 9.33320570e+10
1.44185000e+01 6.46642058e+10
1.44186000e+01 4.47171381e+10
1.44187000e+01 3.08646253e+10
1.44188000e+01 2.12630218e+10
1.44189000e+01 1.46206248e+10
1.44190000e+01 1.00342257e+10
1.44191000e+01 6.87351345e+09
1.44192000e+01 4.69948967e+09
1.44193000e+01 3.20700478e+09
1.44194000e+01 2.18436651e+09
1.44195000e+01 1.48500668e+09
1.44196000e+01 1.00764672e+09
1.44197000e+01 6.82441101e+08
1.44198000e+01 4.61316551e+08
1.44199000e+01 3.11250369e+08
1.44200000e+01 2.09603091e+08
1.44201000e+01 1.40884252e+08
1.44202000e+01 9.45157468e+07
1.44203000e+01 6.32882122e+07
1.44204000e+01 4.22978615e+07
1.44205000e+01 2.82157051e+07
1.44206000e+01 1.87862589e+07
1.44207000e+01 1.24843685e+07
1.44208000e+01 8.28075095e+06
1.44209000e+01 5.48213486e+06
1.44210000e+01 3.62248450e+06
1.44211000e+01 2.38913213e+06
1.44212000e+01 1.57271703e+06
1.44213000e+01 1.03332701e+06
1.44214000e+01 6.77644193e+05
1.44215000e+01 4.43549798e+05
1.44216000e+01 2.89774224e+05
1.44217000e+01 1.88953001e+05
1.44218000e+01 1.22977169e+05
1.44219000e+01 7.98862094e+04
1.44220000e+01 5.17959425e+04
1.44221000e+01 3.35194004e+04
1.44222000e+01 2.16507672e+04
1.44223000e+01 1.39581178e+04
1.44224000e+01 8.98166639e+03
1.44225000e+01 5.76850728e+03
1.44226000e+01 3.69782542e+03
1.44227000e+01 2.36595112e+03
1.44228000e+01 1.51092013e+03
1.44229000e+01 9.63060542e+02
1.44230000e+01 6.12691684e+02
1.44231000e+01 3.89051115e+02
1.44232000e+01 2.46574177e+02
1.44233000e+01 1.55978500e+02
1.44234000e+01 9.84822750e+01
1.44235000e+01 6.20622561e+01
1.44236000e+01 3.90367062e+01
1.44237000e+01 2.45072657e+01
1.44238000e+01 1.53565129e+01
1.44239000e+01 9.60431458e+00
1.44240000e+01 5.99537194e+00
1.44241000e+01 3.73544063e+00
1.44242000e+01 2.32296926e+00
1.44243000e+01 1.44185295e+00
1.44244000e+01 8.93252675e-01
1.44245000e+01 5.52336183e-01
1.44246000e+01 3.40885432e-01
1.44247000e+01 2.09985416e-01
1.44248000e+01 1.29105734e-01
1.44249000e+01 7.92278008e-02
1.44250000e+01 4.85272083e-02
1.44251000e+01 2.96666574e-02
1.44252000e+01 1.81020387e-02
1.44253000e+01 1.10245759e-02
1.44254000e+01 6.70149636e-03
1.44255000e+01 4.06590417e-03
1.44256000e+01 2.46216930e-03
1.44257000e+01 1.48817522e-03
1.44258000e+01 8.97771009e-04
1.44259000e+01 5.40570568e-04
1.44260000e+01 3.24873653e-04
1.44261000e+01 1.94873070e-04
1.44262000e+01 1.16671389e-04
1.44263000e+01 6.97191484e-05
1.44264000e+01 4.15829131e-05
1.44265000e+01 2.47544250e-05
1.44266000e+01 1.47084136e-05
1.44267000e+01 8.72275847e-06
1.44268000e+01 5.16317501e-06
1.44269000e+01 3.05038597e-06
1.44270000e+01 1.79873695e-06
1.44271000e+01 1.05865730e-06
1.44272000e+01 6.21896307e-07
1.44273000e+01 3.64632491e-07
1.44274000e+01 2.13386785e-07
1.44275000e+01 1.24639130e-07
1.44276000e+01 7.26634468e-08
1.44277000e+01 4.22816807e-08
1.44278000e+01 2.45563105e-08
1.44279000e+01 1.42347086e-08
1.44280000e+01 8.23585322e-09
1.44281000e+01 4.75601412e-09
1.44282000e+01 2.74127216e-09
1.44283000e+01 1.57701428e-09
1.44284000e+01 9.05510534e-10
1.44285000e+01 5.18950299e-10
1.44286000e+01 2.96846798e-10
1.44287000e+01 1.69477979e-10
1.44288000e+01 9.65758323e-11
1.44289000e+01 5.49285177e-11
1.44290000e+01 3.11818230e-11
1.44291000e+01 1.76676706e-11
1.44292000e+01 9.99151208e-12
1.44293000e+01 5.63971609e-12
1.44294000e+01 3.17729348e-12
1.44295000e+01 1.78661696e-12
1.44296000e+01 1.00271975e-12
1.44297000e+01 5.61696410e-13
1.44298000e+01 3.14049175e-13
1.44299000e+01 1.75253847e-13
1.44300000e+01 9.76138236e-14
1.44301000e+01 5.42661383e-14
1.44302000e+01 3.01106621e-14
1.44303000e+01 1.66757530e-14
1.44304000e+01 9.21773734e-15
1.44305000e+01 5.08553795e-15
1.44306000e+01 2.80041975e-15
1.44307000e+01 1.53915725e-15
1.44308000e+01 8.44338224e-16
1.44309000e+01 4.62299551e-16
1.44310000e+01 2.52641112e-16
1.44311000e+01 1.37802810e-16
1.44312000e+01 7.50214737e-17
1.44313000e+01 4.07649151e-17
1.44314000e+01 2.21085823e-17
1.44315000e+01 1.19676428e-17
1.44316000e+01 6.46591037e-18
1.44317000e+01 3.48677600e-18
1.44318000e+01 1.87668633e-18
1.44319000e+01 1.00816723e-18
1.44320000e+01 5.40563450e-19
1.44321000e+01 2.89290357e-19
1.44322000e+01 1.54523447e-19
1.44323000e+01 8.23811665e-20
1.44324000e+01 4.38363690e-20
1.44325000e+01 2.32816775e-20
1.44326000e+01 1.23414728e-20
1.44327000e+01 6.52969216e-21
1.44328000e+01 3.44819160e-21
1.44329000e+01 1.81745225e-21
1.44330000e+01 9.56109277e-22
1.44331000e+01 5.02024521e-22
1.44332000e+01 2.63096563e-22
1.44333000e+01 1.37618948e-22
1.44334000e+01 7.18478999e-23
1.44335000e+01 3.74388654e-23
1.44336000e+01 1.94717061e-23
1.44337000e+01 1.01078323e-23
1.44338000e+01 5.23702589e-24
1.44339000e+01 2.70822069e-24
1.44340000e+01 1.39783526e-24
1.44341000e+01 7.20112766e-25
1.44342000e+01 3.70269194e-25
1.44343000e+01 1.90023440e-25
1.44344000e+01 9.73350515e-26
1.44345000e+01 4.97626863e-26
1.44346000e+01 2.53928125e-26
1.44347000e+01 1.29327298e-26
1.44348000e+01 6.57418596e-27
1.44349000e+01 3.33553971e-27
1.44350000e+01 1.68912804e-27
1.44351000e+01 8.53751191e-28
1.44352000e+01 4.30697492e-28
1.44353000e+01 2.16863071e-28
1.44354000e+01 1.08986091e-28
1.44355000e+01 5.46674396e-29
1.44356000e+01 2.73689761e-29
1.44357000e+01 1.36760442e-29
1.44358000e+01 6.82078792e-30
1.44359000e+01 3.39531968e-30
1.44360000e+01 1.68693693e-30
1.44361000e+01 8.36544486e-31
1.44362000e+01 4.14048515e-31
1.44363000e+01 2.04543362e-31
1.44364000e+01 1.00853620e-31
1.44365000e+01 4.96328831e-32
1.44366000e+01 2.43791975e-32
1.44367000e+01 1.19520161e-32
1.44368000e+01 5.84836902e-33
1.44369000e+01 2.85627603e-33
1.44370000e+01 1.39231456e-33
1.44371000e+01 6.77401746e-34
1.44372000e+01 3.28947802e-34
1.44373000e+01 1.59433423e-34
1.44374000e+01 7.71264655e-35
1.44375000e+01 3.72390970e-35
1.44376000e+01 1.79459511e-35
1.44377000e+01 8.63188055e-36
1.44378000e+01 4.14396366e-36
1.44379000e+01 1.98562853e-36
1.44380000e+01 9.49623814e-37
1.44381000e+01 4.53290574e-37
1.44382000e+01 2.15959968e-37
1.44383000e+01 1.02693101e-37
1.44384000e+01 4.87394595e-38
1.44385000e+01 2.30882782e-38
1.44386000e+01 1.09162572e-38
1.44387000e+01 5.15142430e-39
1.44388000e+01 2.42634308e-39
1.44389000e+01 1.15258908e-39
1.44390000e+01 5.40816220e-40
1.44391000e+01 2.53277099e-40
1.44392000e+01 1.18389482e-40
1.44393000e+01 5.52333362e-41
1.44394000e+01 2.57193723e-41
1.44395000e+01 1.19533699e-41
1.44396000e+01 5.54486834e-42
1.44397000e+01 2.56721934e-42
1.44398000e+01 1.18633009e-42
1.44399000e+01 5.47165779e-43
1.44400000e+01 2.51885457e-43
1.44401000e+01 1.15733216e-43
1.44402000e+01 5.30742279e-44
1.44403000e+01 2.42929392e-44
1.44404000e+01 1.10980616e-44
1.44405000e+01 5.06040017e-45
1.44406000e+01 2.30299628e-45
1.44407000e+01 1.04609766e-45
1.44408000e+01 4.74265811e-46
1.44409000e+01 2.14606058e-46
1.44410000e+01 9.69243031e-47
1.44411000e+01 4.36911948e-47
1.44412000e+01 1.96573811e-47
1.44413000e+01 8.82729977e-48
1.44414000e+01 3.95640324e-48
1.44415000e+01 1.76987933e-48
1.44416000e+01 7.90236669e-49
1.44417000e+01 3.52160861e-49
1.44418000e+01 1.56637363e-49
1.44419000e+01 6.95376461e-50
1.44420000e+01 3.08116481e-50
1.44421000e+01 1.36263699e-50
1.44422000e+01 6.01472392e-51
1.44423000e+01 2.64985115e-51
1.44424000e+01 1.16519200e-51
1.44425000e+01 5.11379981e-52
1.44426000e+01 2.24006254e-52
1.44427000e+01 9.79369860e-53
1.44428000e+01 4.27369451e-53
1.44429000e+01 1.86135985e-53
1.44430000e+01 8.09146794e-54
1.44431000e+01 3.51070533e-54
1.44432000e+01 1.52030773e-54
1.44433000e+01 6.57110901e-55
1.44434000e+01 2.83475718e-55
1.44435000e+01 1.22057103e-55
1.44436000e+01 5.24541959e-56
1.44437000e+01 2.24992153e-56
1.44438000e+01 9.63217687e-57
1.44439000e+01 4.11577331e-57
1.44440000e+01 1.75528785e-57
1.44441000e+01 7.47162599e-58
1.44442000e+01 3.17432773e-58
1.44443000e+01 1.34604085e-58
1.44444000e+01 5.69684679e-59
1.44445000e+01 2.40647104e-59
1.44446000e+01 1.01460388e-59
1.44447000e+01 4.26955055e-60
1.44448000e+01 1.79323638e-60
1.44449000e+01 7.51731322e-61
1.44450000e+01 3.14526653e-61
1.44451000e+01 1.31347540e-61
1.44452000e+01 5.47464671e-62
1.44453000e+01 2.27750793e-62
1.44454000e+01 9.45656309e-63
1.44455000e+01 3.91900987e-63
1.44456000e+01 1.62102226e-63
1.44457000e+01 6.69223480e-64
1.44458000e+01 2.75754693e-64
1.44459000e+01 1.13408129e-64
1.44460000e+01 4.65516387e-65
1.44461000e+01 1.90719569e-65
1.44462000e+01 7.79875031e-66
1.44463000e+01 3.18290909e-66
1.44464000e+01 1.29656082e-66
1.44465000e+01 5.27146071e-67
1.44466000e+01 2.13913631e-67
1.44467000e+01 8.66393789e-68
1.44468000e+01 3.50236633e-68
1.44469000e+01 1.41311387e-68
1.44470000e+01 5.69065271e-69
1.44471000e+01 2.28726413e-69
1.44472000e+01 9.17571370e-70
1.44473000e+01 3.67394516e-70
1.44474000e+01 1.46823221e-70
1.44475000e+01 5.85633711e-71
1.44476000e+01 2.33145275e-71
1.44477000e+01 9.26395376e-72
1.44478000e+01 3.67396769e-72
1.44479000e+01 1.45426470e-72
1.44480000e+01 5.74540637e-73
1.44481000e+01 2.26551626e-73
1.44482000e+01 8.91626034e-74
1.44483000e+01 3.50241340e-74
1.44484000e+01 1.37316006e-74
1.44485000e+01 5.37333598e-75
1.44486000e+01 2.09863006e-75
1.44487000e+01 8.18081972e-76
1.44488000e+01 3.18292776e-76
1.44489000e+01 1.23602072e-76
1.44490000e+01 4.79064195e-77
1.44491000e+01 1.85323567e-77
1.44492000e+01 7.15544340e-78
1.44493000e+01 2.75747380e-78
1.44494000e+01 1.06060866e-78
1.44495000e+01 4.07162576e-79
1.44496000e+01 1.56008922e-79
1.44497000e+01 5.96622871e-80
1.44498000e+01 2.27729465e-80
1.44499000e+01 8.67575746e-81
