# 2026-06-09 | 22:34:00 | Calculation performed with SolarAxionFlux v1.1; g_agamma = 5.000000e-11 GeV^-1, g_ae = 1.000000e-13.
# Spectral flux over full solar volume.
# Columns: energy values [keV] | axion flux [cm^-2 s^-1 keV^-1]
1.00000000e-03 4.30255092e+02
1.00600000e-03 4.71780092e+02
1.01203600e-03 5.13540775e+02
1.01810822e-03 5.54481501e+02
1.02421687e-03 5.93955177e+02
1.03036217e-03 6.32234562e+02
1.03654434e-03 6.69319435e+02
1.04276361e-03 7.04913587e+02
1.04902019e-03 7.38732547e+02
1.05531431e-03 7.71709826e+02
1.06164619e-03 8.04030242e+02
1.06801607e-03 8.35885525e+02
1.07442417e-03 8.67402493e+02
1.08087071e-03 8.98615154e+02
1.08735594e-03 9.29807388e+02
1.09388007e-03 9.60462894e+02
1.10044335e-03 9.90702713e+02
1.10704601e-03 1.02126915e+03
1.11368829e-03 1.05216336e+03
1.12037042e-03 1.08241666e+03
1.12709264e-03 1.11266695e+03
1.13385520e-03 1.14345972e+03
1.14065833e-03 1.17479915e+03
1.14750228e-03 1.20674913e+03
1.15438729e-03 1.23932360e+03
1.16131362e-03 1.27270482e+03
1.16828150e-03 1.30596646e+03
1.17529119e-03 1.33936065e+03
1.18234293e-03 1.37366698e+03
1.18943699e-03 1.40875284e+03
1.19657361e-03 1.44394022e+03
1.20375305e-03 1.47984416e+03
1.21097557e-03 1.51677785e+03
1.21824143e-03 1.55398854e+03
1.22555088e-03 1.59186671e+03
1.23290418e-03 1.63081946e+03
1.24030161e-03 1.67072247e+03
1.24774342e-03 1.71115975e+03
1.25522988e-03 1.75300450e+03
1.26276126e-03 1.79586022e+03
1.27033782e-03 1.83873281e+03
1.27795985e-03 1.88271951e+03
1.28562761e-03 1.92804267e+03
1.29334137e-03 1.97370022e+03
1.30110142e-03 2.02052739e+03
1.30890803e-03 2.06903110e+03
1.31676148e-03 2.11632433e+03
1.32466205e-03 2.16481961e+03
1.33261002e-03 2.21474731e+03
1.34060568e-03 2.26606655e+03
1.34864931e-03 2.31912871e+03
1.35674121e-03 2.37378606e+03
1.36488166e-03 2.42683702e+03
1.37307095e-03 2.48116789e+03
1.38130937e-03 2.53717537e+03
1.38959723e-03 2.59322464e+03
1.39793481e-03 2.65074190e+03
1.40632242e-03 2.70997715e+03
1.41476036e-03 2.77102270e+03
1.42324892e-03 2.83378615e+03
1.43178841e-03 2.89645728e+03
1.44037914e-03 2.95951310e+03
1.44902142e-03 3.02450723e+03
1.45771555e-03 3.08917765e+03
1.46646184e-03 3.15591634e+03
1.47526061e-03 3.22412849e+03
1.48411217e-03 3.29247615e+03
1.49301685e-03 3.36343773e+03
1.50197495e-03 3.43632553e+03
1.51098680e-03 3.51081665e+03
1.52005272e-03 3.58797608e+03
1.52917303e-03 3.66244991e+03
1.53834807e-03 3.73868610e+03
1.54757816e-03 3.81604081e+03
1.55686363e-03 3.89378803e+03
1.56620481e-03 3.97363707e+03
1.57560204e-03 4.05415058e+03
1.58505565e-03 4.13655229e+03
1.59456599e-03 4.22234936e+03
1.60413338e-03 4.31008561e+03
1.61375818e-03 4.39797724e+03
1.62344073e-03 4.48410461e+03
1.63318138e-03 4.57253809e+03
1.64298047e-03 4.66038113e+03
1.65283835e-03 4.75051087e+03
1.66275538e-03 4.84087000e+03
1.67273191e-03 4.93323548e+03
1.68276830e-03 5.02759962e+03
1.69286491e-03 5.12564921e+03
1.70302210e-03 5.22367941e+03
1.71324023e-03 5.31865800e+03
1.72351968e-03 5.41566593e+03
1.73386079e-03 5.51217017e+03
1.74426396e-03 5.61163809e+03
1.75472954e-03 5.71394500e+03
1.76525792e-03 5.82022195e+03
1.77584947e-03 5.92375466e+03
1.78650456e-03 6.03064124e+03
1.79722359e-03 6.13259410e+03
1.80800693e-03 6.23548671e+03
1.81885497e-03 6.34093858e+03
1.82976810e-03 6.45016840e+03
1.84074671e-03 6.55360071e+03
1.85179119e-03 6.65868010e+03
1.86290194e-03 6.76671725e+03
1.87407935e-03 6.87671359e+03
1.88532383e-03 6.98333420e+03
1.89663577e-03 7.09324548e+03
1.90801558e-03 7.20012515e+03
1.91946368e-03 7.31099978e+03
1.93098046e-03 7.41844584e+03
1.94256634e-03 7.52769336e+03
1.95422174e-03 7.63521667e+03
1.96594707e-03 7.74409008e+03
1.97774275e-03 7.84946403e+03
1.98960921e-03 7.95484618e+03
2.00154687e-03 8.06046286e+03
2.01355615e-03 8.16297142e+03
2.02563748e-03 8.26561923e+03
2.03779131e-03 8.37155250e+03
2.05001806e-03 8.47587735e+03
2.06231817e-03 8.57282176e+03
2.07469207e-03 8.66785801e+03
2.08714023e-03 8.76223758e+03
2.09966307e-03 8.85852224e+03
2.11226105e-03 8.95570632e+03
2.12493461e-03 9.04867038e+03
2.13768422e-03 9.13511623e+03
2.15051033e-03 9.21678867e+03
2.16341339e-03 9.29893789e+03
2.17639387e-03 9.38148879e+03
2.18945223e-03 9.46130208e+03
2.20258894e-03 9.53515296e+03
2.21580448e-03 9.60687305e+03
2.22909931e-03 9.67895296e+03
2.24247390e-03 9.74464697e+03
2.25592874e-03 9.80263438e+03
2.26946432e-03 9.85530748e+03
2.28308110e-03 9.90327126e+03
2.29677959e-03 9.94573298e+03
2.31056027e-03 9.99069166e+03
2.32442363e-03 1.00232701e+04
2.33837017e-03 1.00480674e+04
2.35240039e-03 1.00735372e+04
2.36651479e-03 1.00926842e+04
2.38071388e-03 1.01078895e+04
2.39499817e-03 1.01146239e+04
2.40936815e-03 1.01185293e+04
2.42382436e-03 1.01180092e+04
2.43836731e-03 1.01032330e+04
2.45299751e-03 1.00786494e+04
2.46771550e-03 1.00521071e+04
2.48252179e-03 1.00186436e+04
2.49741692e-03 9.96931479e+03
2.51240142e-03 9.91573025e+03
2.52747583e-03 9.85270505e+03
2.54264069e-03 9.77699589e+03
2.55789653e-03 9.69818965e+03
2.57324391e-03 9.61729574e+03
2.58868337e-03 9.52181847e+03
2.60421547e-03 9.41257386e+03
2.61984077e-03 9.30953706e+03
2.63555981e-03 9.18091961e+03
2.65137317e-03 9.04183888e+03
2.66728141e-03 8.89867668e+03
2.68328510e-03 8.75120899e+03
2.69938481e-03 8.59885293e+03
2.71558112e-03 8.43543905e+03
2.73187460e-03 8.23463449e+03
2.74826585e-03 8.03771301e+03
2.76475545e-03 7.86133440e+03
2.78134398e-03 7.67645965e+03
2.79803204e-03 7.43778110e+03
2.81482024e-03 7.19390345e+03
2.83170916e-03 6.98653683e+03
2.84869941e-03 6.75874450e+03
2.86579161e-03 6.50216848e+03
2.88298636e-03 6.24799256e+03
2.90028428e-03 5.98740474e+03
2.91768598e-03 5.71907793e+03
2.93519210e-03 5.45520329e+03
2.95280325e-03 5.16062278e+03
2.97052007e-03 4.87876826e+03
2.98834319e-03 4.59850371e+03
3.00627325e-03 4.31606256e+03
3.02431089e-03 4.03480387e+03
3.04245675e-03 3.74679850e+03
3.06071150e-03 3.46059438e+03
3.07907576e-03 3.17487070e+03
3.09755022e-03 2.90393068e+03
3.11613552e-03 2.64122919e+03
3.13483233e-03 2.37745906e+03
3.15364133e-03 2.13595246e+03
3.17256318e-03 1.90865241e+03
3.19159855e-03 1.69448436e+03
3.21074815e-03 1.49333770e+03
3.23001263e-03 1.32539189e+03
3.24939271e-03 1.18081477e+03
3.26888907e-03 1.05661492e+03
3.28850240e-03 9.42824282e+02
3.30823342e-03 8.44064664e+02
3.32808282e-03 7.61641736e+02
3.34805131e-03 6.95670647e+02
3.36813962e-03 6.43577644e+02
3.38834846e-03 5.85432166e+02
3.40867855e-03 5.48977987e+02
3.42913062e-03 5.16940055e+02
3.44970540e-03 4.88480898e+02
3.47040364e-03 4.63404093e+02
3.49122606e-03 4.41710633e+02
3.51217341e-03 4.21378478e+02
3.53324646e-03 4.02686283e+02
3.55444593e-03 3.85567191e+02
3.57577261e-03 3.69988974e+02
3.59722725e-03 3.55938797e+02
3.61881061e-03 3.42683436e+02
3.64052347e-03 3.07330000e+02
3.66236661e-03 2.95185886e+02
3.68434081e-03 2.83867542e+02
3.70644686e-03 2.73400395e+02
3.72868554e-03 2.63811506e+02
3.75105765e-03 2.54702751e+02
3.77356400e-03 2.45821217e+02
3.79620538e-03 2.37245455e+02
3.81898261e-03 2.29028577e+02
3.84189651e-03 2.21066897e+02
3.86494789e-03 2.13626989e+02
3.88813758e-03 2.06712796e+02
3.91146640e-03 2.00339623e+02
3.93493520e-03 1.94140617e+02
3.95854481e-03 1.55410417e+02
3.98229608e-03 1.49389835e+02
4.00618986e-03 1.43615958e+02
4.03022700e-03 1.37992719e+02
4.05440836e-03 1.32483352e+02
4.07873481e-03 1.27236968e+02
4.10320722e-03 1.22343360e+02
4.12782646e-03 1.17739620e+02
4.15259342e-03 1.13391101e+02
4.17750898e-03 1.09173133e+02
4.20257403e-03 1.05005491e+02
4.22778948e-03 1.00876372e+02
4.25315621e-03 9.68556293e+01
4.27867515e-03 9.29060797e+01
4.30434720e-03 8.90482801e+01
4.33017329e-03 8.53041170e+01
4.35615433e-03 4.69945702e+01
4.38229125e-03 4.39854006e+01
4.40858500e-03 4.12088258e+01
4.43503651e-03 3.86499266e+01
4.46164673e-03 3.62687564e+01
4.48841661e-03 3.39630247e+01
4.51534711e-03 3.17159880e+01
4.54243919e-03 2.95074607e+01
4.56969383e-03 2.73777672e+01
4.59711199e-03 2.52395814e+01
4.62469466e-03 2.32392546e+01
4.65244283e-03 2.12763496e+01
4.68035749e-03 1.94291510e+01
4.70843963e-03 1.76731049e+01
4.73669027e-03 1.60241418e+01
4.76511041e-03 1.44916655e+01
4.79370107e-03 1.31196619e+01
4.82246328e-03 1.18951670e+01
4.85139806e-03 1.08080203e+01
4.88050645e-03 0.00000000e+00
4.90978949e-03 0.00000000e+00
4.93924822e-03 0.00000000e+00
4.96888371e-03 0.00000000e+00
4.99869701e-03 0.00000000e+00
5.02868920e-03 0.00000000e+00
5.05886133e-03 0.00000000e+00
5.08921450e-03 0.00000000e+00
5.11974979e-03 0.00000000e+00
5.15046828e-03 0.00000000e+00
5.18137109e-03 0.00000000e+00
5.21245932e-03 0.00000000e+00
5.24373408e-03 0.00000000e+00
5.27519648e-03 0.00000000e+00
5.30684766e-03 0.00000000e+00
5.33868875e-03 0.00000000e+00
5.37072088e-03 0.00000000e+00
5.40294520e-03 0.00000000e+00
5.43536288e-03 0.00000000e+00
5.46797505e-03 0.00000000e+00
5.50078290e-03 0.00000000e+00
5.53378760e-03 0.00000000e+00
5.56699033e-03 0.00000000e+00
5.60039227e-03 0.00000000e+00
5.63399462e-03 0.00000000e+00
5.66779859e-03 0.00000000e+00
5.70180538e-03 0.00000000e+00
5.73601621e-03 0.00000000e+00
5.77043231e-03 0.00000000e+00
5.80505490e-03 0.00000000e+00
5.83988523e-03 0.00000000e+00
5.87492455e-03 0.00000000e+00
5.91017409e-03 0.00000000e+00
5.94563514e-03 0.00000000e+00
5.98130895e-03 0.00000000e+00
6.01719680e-03 0.00000000e+00
6.05329998e-03 0.00000000e+00
6.08961978e-03 0.00000000e+00
6.12615750e-03 0.00000000e+00
6.16291445e-03 0.00000000e+00
6.19989193e-03 0.00000000e+00
6.23709128e-03 0.00000000e+00
6.27451383e-03 0.00000000e+00
6.31216091e-03 0.00000000e+00
6.35003388e-03 0.00000000e+00
6.38813408e-03 0.00000000e+00
6.42646289e-03 0.00000000e+00
6.46502167e-03 0.00000000e+00
6.50381180e-03 0.00000000e+00
6.54283467e-03 0.00000000e+00
6.58209167e-03 0.00000000e+00
6.62158422e-03 0.00000000e+00
6.66131373e-03 0.00000000e+00
6.70128161e-03 0.00000000e+00
6.74148930e-03 0.00000000e+00
6.78193824e-03 0.00000000e+00
6.82262987e-03 0.00000000e+00
6.86356565e-03 0.00000000e+00
6.90474704e-03 0.00000000e+00
6.94617552e-03 0.00000000e+00
6.98785258e-03 0.00000000e+00
7.02977969e-03 0.00000000e+00
7.07195837e-03 0.00000000e+00
7.11439012e-03 0.00000000e+00
7.15707646e-03 0.00000000e+00
7.20001892e-03 0.00000000e+00
7.24321903e-03 0.00000000e+00
7.28667835e-03 0.00000000e+00
7.33039842e-03 0.00000000e+00
7.37438081e-03 0.00000000e+00
7.41862709e-03 0.00000000e+00
7.46313885e-03 0.00000000e+00
7.50791769e-03 0.00000000e+00
7.55296519e-03 0.00000000e+00
7.59828298e-03 0.00000000e+00
7.64387268e-03 0.00000000e+00
7.68973592e-03 0.00000000e+00
7.73587433e-03 0.00000000e+00
7.78228958e-03 0.00000000e+00
7.82898332e-03 0.00000000e+00
7.87595722e-03 0.00000000e+00
7.92321296e-03 0.00000000e+00
7.97075224e-03 0.00000000e+00
8.01857675e-03 0.00000000e+00
8.06668821e-03 0.00000000e+00
8.11508834e-03 0.00000000e+00
8.16377887e-03 0.00000000e+00
8.21276155e-03 0.00000000e+00
8.26203811e-03 0.00000000e+00
8.31161034e-03 0.00000000e+00
8.36148001e-03 0.00000000e+00
8.41164889e-03 0.00000000e+00
8.46211878e-03 0.00000000e+00
8.51289149e-03 0.00000000e+00
8.56396884e-03 0.00000000e+00
8.61535265e-03 0.00000000e+00
8.66704477e-03 0.00000000e+00
8.71904704e-03 0.00000000e+00
8.77136132e-03 0.00000000e+00
8.82398949e-03 0.00000000e+00
8.87693342e-03 0.00000000e+00
8.93019503e-03 0.00000000e+00
8.98377620e-03 0.00000000e+00
9.03767885e-03 0.00000000e+00
9.09190493e-03 0.00000000e+00
9.14645636e-03 0.00000000e+00
9.20133509e-03 0.00000000e+00
9.25654310e-03 0.00000000e+00
9.31208236e-03 0.00000000e+00
9.36795486e-03 0.00000000e+00
9.42416259e-03 0.00000000e+00
9.48070756e-03 0.00000000e+00
9.53759181e-03 0.00000000e+00
9.59481736e-03 7.17155642e+02
9.65238626e-03 1.27481406e+04
9.71030058e-03 3.75938987e+04
9.76856238e-03 7.28565872e+04
9.82717376e-03 1.15315327e+05
9.88613680e-03 1.63039500e+05
9.94545362e-03 2.13454186e+05
1.00051263e-02 2.62599655e+05
1.00651571e-02 3.10212984e+05
1.01255480e-02 3.52198869e+05
1.01863013e-02 3.88377891e+05
1.02474191e-02 4.14863967e+05
1.03089037e-02 4.75715941e+05
1.03707571e-02 6.02786303e+05
1.04329816e-02 7.77125116e+05
1.04955795e-02 9.76503803e+05
1.05585530e-02 1.20561568e+06
1.06219043e-02 1.64968409e+06
1.06856357e-02 2.82821406e+06
1.07497495e-02 5.10481582e+06
1.08142480e-02 8.09549276e+06
1.08791335e-02 1.23619126e+07
1.09444083e-02 1.66883423e+07
1.10100748e-02 2.11001422e+07
1.10761352e-02 2.55936771e+07
1.11425920e-02 2.92595674e+07
1.12094476e-02 3.31183350e+07
1.12767043e-02 3.54625295e+07
1.13443645e-02 3.79363747e+07
1.14124307e-02 3.89690268e+07
1.14809053e-02 3.90731994e+07
1.15497907e-02 3.81977716e+07
1.16190895e-02 3.77474894e+07
1.16888040e-02 3.50188054e+07
1.17589368e-02 3.24989731e+07
1.18294904e-02 2.96363905e+07
1.19004674e-02 2.62184332e+07
1.19718702e-02 2.22098772e+07
1.20437014e-02 1.81357960e+07
1.21159636e-02 1.41424176e+07
1.21886594e-02 1.04420524e+07
1.22617913e-02 7.21258500e+06
1.23353621e-02 4.49930001e+06
1.24093743e-02 2.68952298e+06
1.24838305e-02 1.67320607e+06
1.25587335e-02 1.21975159e+06
1.26340859e-02 9.41944491e+05
1.27098904e-02 7.89114750e+05
1.27861498e-02 6.79220502e+05
1.28628667e-02 5.77087494e+05
1.29400439e-02 4.91959841e+05
1.30176841e-02 4.27396792e+05
1.30957902e-02 3.85754878e+05
1.31743650e-02 3.46108126e+05
1.32534112e-02 3.05304253e+05
1.33329316e-02 2.64806087e+05
1.34129292e-02 2.26437312e+05
1.34934068e-02 1.91989429e+05
1.35743672e-02 5.88228865e+03
1.36558134e-02 1.06140153e+01
1.37377483e-02 2.56846516e-01
1.38201748e-02 3.55933139e-01
1.39030958e-02 4.91696468e-01
1.39865144e-02 6.77930616e-01
1.40704335e-02 9.26747662e-01
1.41548561e-02 1.26704508e+00
1.42397852e-02 1.71793370e+00
1.43252240e-02 2.32102473e+00
1.44111753e-02 3.14956569e+00
1.44976424e-02 4.24667579e+00
1.45846282e-02 5.66664901e+00
1.46721360e-02 7.54397693e+00
1.47601688e-02 1.00719379e+01
1.48487298e-02 1.33585485e+01
1.49378222e-02 1.75972200e+01
1.50274491e-02 2.31599973e+01
1.51176138e-02 3.04180220e+01
1.52083195e-02 3.97441852e+01
1.52995694e-02 5.18056476e+01
1.53913668e-02 6.70683181e+01
1.54837150e-02 8.64672549e+01
1.55766173e-02 1.10826990e+02
1.56700770e-02 1.40683457e+02
1.57640975e-02 1.79221080e+02
1.58586821e-02 2.29944649e+02
1.59538342e-02 2.91068762e+02
1.60495572e-02 3.64844353e+02
1.61458545e-02 4.59016361e+02
1.62427296e-02 5.71726266e+02
1.63401860e-02 7.12517872e+02
1.64382271e-02 8.83163506e+02
1.65368565e-02 1.09050575e+03
1.66360776e-02 1.34296701e+03
1.67358941e-02 1.67191156e+03
1.68363095e-02 1.77189125e+03
1.69373273e-02 2.17152401e+03
1.70389513e-02 2.67041991e+03
1.71411850e-02 3.21611852e+03
1.72440321e-02 3.91684084e+03
1.73474963e-02 4.74002047e+03
1.74515813e-02 5.71824551e+03
1.75562908e-02 6.98249448e+03
1.76616285e-02 8.35416012e+03
1.77675983e-02 1.00738820e+04
1.78742039e-02 1.19346398e+04
1.79814491e-02 1.40954755e+04
1.80893378e-02 1.69016193e+04
1.81978738e-02 1.99376103e+04
1.83070611e-02 2.36323442e+04
1.84169034e-02 2.77785473e+04
1.85274048e-02 3.24536095e+04
1.86385693e-02 3.80346575e+04
1.87504007e-02 4.47179683e+04
1.88629031e-02 5.17795290e+04
1.89760805e-02 6.01057418e+04
1.90899370e-02 7.03769145e+04
1.92044766e-02 8.12760280e+04
1.93197035e-02 9.38052254e+04
1.94356217e-02 1.08185270e+05
1.95522354e-02 1.23627631e+05
1.96695488e-02 1.41981931e+05
1.97875661e-02 1.64148134e+05
1.99062915e-02 1.87691560e+05
2.00257293e-02 2.14424527e+05
2.01458836e-02 2.44769963e+05
2.02667590e-02 2.77028111e+05
2.03883595e-02 3.15480568e+05
2.05106897e-02 3.57548754e+05
2.06337538e-02 4.03285150e+05
2.07575563e-02 4.57991050e+05
2.08821017e-02 5.15258551e+05
2.10073943e-02 5.85538380e+05
2.11334386e-02 6.54046242e+05
2.12602393e-02 7.39247480e+05
2.13878007e-02 8.28531413e+05
2.15161275e-02 9.19794433e+05
2.16452243e-02 1.02560244e+06
2.17750956e-02 1.15452849e+06
2.19057462e-02 1.28271644e+06
2.20371807e-02 1.42233994e+06
2.21694038e-02 1.57903428e+06
2.23024202e-02 1.75304308e+06
2.24362347e-02 1.95469398e+06
2.25708521e-02 2.17074482e+06
2.27062772e-02 2.38679918e+06
2.28425149e-02 2.64970961e+06
2.29795700e-02 2.90436953e+06
2.31174474e-02 3.18136317e+06
2.32561521e-02 3.53338780e+06
2.33956890e-02 3.88742560e+06
2.35360631e-02 4.24524824e+06
2.36772795e-02 4.66996337e+06
2.38193432e-02 5.10610532e+06
2.39622592e-02 5.59817878e+06
2.41060328e-02 6.07448706e+06
2.42506690e-02 6.62069152e+06
2.43961730e-02 7.27596818e+06
2.45425500e-02 7.94944872e+06
2.46898053e-02 8.57773429e+06
2.48379442e-02 9.33182563e+06
2.49869718e-02 1.01573290e+07
2.51368937e-02 1.09869717e+07
2.52877150e-02 1.19221423e+07
2.54394413e-02 1.29030157e+07
2.55920780e-02 1.39399784e+07
2.57456304e-02 1.52118012e+07
2.59001042e-02 1.64211086e+07
2.60555048e-02 1.75842439e+07
2.62118379e-02 1.90081821e+07
2.63691089e-02 2.04983671e+07
2.65273236e-02 2.22606579e+07
2.66864875e-02 2.32608789e+07
2.68466064e-02 2.44914467e+07
2.70076861e-02 2.87864326e+07
2.71697322e-02 2.95539553e+07
2.73327506e-02 2.98307719e+07
2.74967471e-02 3.36461949e+07
2.76617276e-02 3.59060124e+07
2.78276979e-02 3.89767384e+07
2.79946641e-02 4.07037283e+07
2.81626321e-02 4.33883882e+07
2.83316079e-02 4.74563236e+07
2.85015975e-02 5.06328184e+07
2.86726071e-02 5.22751506e+07
2.88446428e-02 5.61346952e+07
2.90177106e-02 6.10157692e+07
2.91918169e-02 6.59435928e+07
2.93669678e-02 6.77530633e+07
2.95431696e-02 7.21630682e+07
2.97204286e-02 7.47658144e+07
2.98987512e-02 8.10114684e+07
3.00781437e-02 8.77976826e+07
3.02586125e-02 9.47956968e+07
3.04401642e-02 9.58048449e+07
3.06228052e-02 1.01326372e+08
3.08065420e-02 1.11795447e+08
3.09913813e-02 1.13906023e+08
3.11773296e-02 1.22929330e+08
3.13643936e-02 1.25695699e+08
3.15525799e-02 1.33997173e+08
3.17418954e-02 1.41331602e+08
3.19323468e-02 1.53731868e+08
3.21239408e-02 1.60699463e+08
3.23166845e-02 1.61697339e+08
3.25105846e-02 1.79008681e+08
3.27056481e-02 1.86839597e+08
3.29018820e-02 1.90600746e+08
3.30992933e-02 2.04873678e+08
3.32978890e-02 2.20102114e+08
3.34976764e-02 2.25020885e+08
3.36986624e-02 2.33165746e+08
3.39008544e-02 2.47849494e+08
3.41042595e-02 2.65388006e+08
3.43088851e-02 2.68613806e+08
3.45147384e-02 2.90251487e+08
3.47218268e-02 3.08618294e+08
3.49301578e-02 3.16758106e+08
3.51397387e-02 3.23693649e+08
3.53505772e-02 3.39037125e+08
3.55626806e-02 3.77967411e+08
3.57760567e-02 3.88077101e+08
3.59907131e-02 3.99437687e+08
3.62066573e-02 4.41762333e+08
3.64238973e-02 4.61904487e+08
3.66424407e-02 4.79314682e+08
3.68622953e-02 5.04156414e+08
3.70834691e-02 5.31981583e+08
3.73059699e-02 5.62492525e+08
3.75298057e-02 5.81940499e+08
3.77549846e-02 5.96228362e+08
3.79815145e-02 6.43655627e+08
3.82094036e-02 6.79320757e+08
3.84386600e-02 6.71913609e+08
3.86692919e-02 7.22223278e+08
3.89013077e-02 7.58483916e+08
3.91347155e-02 7.52391807e+08
3.93695238e-02 7.98956071e+08
3.96057410e-02 8.28760528e+08
3.98433754e-02 8.62178122e+08
4.00824357e-02 9.23667844e+08
4.03229303e-02 9.51716396e+08
4.05648679e-02 9.90986868e+08
4.08082571e-02 1.04209895e+09
4.10531066e-02 1.07370566e+09
4.12994253e-02 1.13897557e+09
4.15472218e-02 1.21137615e+09
4.17965051e-02 1.28115573e+09
4.20472842e-02 1.31707563e+09
4.22995679e-02 1.36645786e+09
4.25533653e-02 1.42154972e+09
4.28086855e-02 1.48089158e+09
4.30655376e-02 1.55206915e+09
4.33239308e-02 1.59417368e+09
4.35838744e-02 1.66273663e+09
4.38453776e-02 1.76288739e+09
4.41084499e-02 1.80557334e+09
4.43731006e-02 1.84371205e+09
4.46393392e-02 1.92543991e+09
4.49071752e-02 2.00500605e+09
4.51766183e-02 2.04762822e+09
4.54476780e-02 2.11939831e+09
4.57203641e-02 2.23535351e+09
4.59946863e-02 2.33599505e+09
4.62706544e-02 2.40743489e+09
4.65482783e-02 2.44188432e+09
4.68275680e-02 2.53679117e+09
4.71085334e-02 2.68332835e+09
4.73911846e-02 2.75472592e+09
4.76755317e-02 2.85693618e+09
4.79615849e-02 2.95819408e+09
4.82493544e-02 3.05813184e+09
4.85388505e-02 3.13324792e+09
4.88300836e-02 3.23361764e+09
4.91230641e-02 3.42823522e+09
4.94178025e-02 3.47527652e+09
4.97143093e-02 3.61024919e+09
5.00125952e-02 3.74937468e+09
5.03126707e-02 3.82241402e+09
5.06145468e-02 4.00181183e+09
5.09182340e-02 4.22394755e+09
5.12237435e-02 4.33709559e+09
5.15310859e-02 4.41527842e+09
5.18402724e-02 4.56277967e+09
5.21513141e-02 4.64333699e+09
5.24642219e-02 4.80295776e+09
5.27790073e-02 4.99480369e+09
5.30956813e-02 5.07608171e+09
5.34142554e-02 5.24169440e+09
5.37347409e-02 5.30419258e+09
5.40571494e-02 5.43518490e+09
5.43814923e-02 5.66906726e+09
5.47077812e-02 5.84860867e+09
5.50360279e-02 5.94003539e+09
5.53662441e-02 6.17537301e+09
5.56984416e-02 6.34961284e+09
5.60326322e-02 6.49481288e+09
5.63688280e-02 6.73442571e+09
5.67070410e-02 6.88338426e+09
5.70472832e-02 7.12077171e+09
5.73895669e-02 7.32913254e+09
5.77339043e-02 7.53554129e+09
5.80803077e-02 7.76715443e+09
5.84287896e-02 7.90487477e+09
5.87793623e-02 8.02985561e+09
5.91320385e-02 8.30485952e+09
5.94868307e-02 8.49504806e+09
5.98437517e-02 8.59116909e+09
6.02028142e-02 8.79286155e+09
6.05640311e-02 9.03462752e+09
6.09274153e-02 9.15930630e+09
6.12929798e-02 9.36202374e+09
6.16607377e-02 9.69276454e+09
6.20307021e-02 9.92866022e+09
6.24028863e-02 1.00851573e+10
6.27773036e-02 1.02682095e+10
6.31539674e-02 1.05708729e+10
6.35328912e-02 1.09172850e+10
6.39140886e-02 1.11492723e+10
6.42975731e-02 1.13852628e+10
6.46833586e-02 1.16066028e+10
6.50714587e-02 1.19512955e+10
6.54618875e-02 1.22369990e+10
6.58546588e-02 1.25010858e+10
6.62497867e-02 1.27013603e+10
6.66472855e-02 1.28983309e+10
6.70471692e-02 1.32022226e+10
6.74494522e-02 1.34461626e+10
6.78541489e-02 1.37860087e+10
6.82612738e-02 1.40529544e+10
6.86708414e-02 1.41031422e+10
6.90828665e-02 1.43518211e+10
6.94973637e-02 1.47204679e+10
6.99143479e-02 1.49797320e+10
7.03338340e-02 1.53244433e+10
7.07558370e-02 1.55652389e+10
7.11803720e-02 1.59098185e+10
7.16074542e-02 1.62171926e+10
7.20370989e-02 1.64785694e+10
7.24693215e-02 1.69818141e+10
7.29041375e-02 1.72649449e+10
7.33415623e-02 1.74363994e+10
7.37816117e-02 1.77390078e+10
7.42243013e-02 1.81554063e+10
7.46696471e-02 1.83095320e+10
7.51176650e-02 1.86889746e+10
7.55683710e-02 1.90684341e+10
7.60217812e-02 1.94109130e+10
7.64779119e-02 1.94975516e+10
7.69367794e-02 1.98740598e+10
7.73984001e-02 2.01016687e+10
7.78627905e-02 2.04310805e+10
7.83299672e-02 2.06910631e+10
7.87999470e-02 2.09676600e+10
7.92727467e-02 2.12455135e+10
7.97483832e-02 2.17294448e+10
8.02268735e-02 2.20590387e+10
8.07082347e-02 2.23053213e+10
8.11924841e-02 2.26058362e+10
8.16796390e-02 2.30381411e+10
8.21697169e-02 2.35579734e+10
8.26627352e-02 2.35814346e+10
8.31587116e-02 2.40033333e+10
8.36576639e-02 2.43153089e+10
8.41596098e-02 2.36506097e+10
8.46645675e-02 2.48129918e+10
8.51725549e-02 2.73870080e+10
8.56835902e-02 2.53829619e+10
8.61976918e-02 2.51850011e+10
8.67148779e-02 2.58492503e+10
8.72351672e-02 2.65751885e+10
8.77585782e-02 2.72404041e+10
8.82851297e-02 2.55659170e+10
8.88148404e-02 2.79199734e+10
8.93477295e-02 2.70990841e+10
8.98838159e-02 2.69363550e+10
9.04231188e-02 2.78225160e+10
9.09656575e-02 2.90332552e+10
9.15114514e-02 3.00685971e+10
9.20605201e-02 2.87977314e+10
9.26128832e-02 3.11940190e+10
9.31685605e-02 3.00156353e+10
9.37275719e-02 2.98224960e+10
9.42899373e-02 3.06026164e+10
9.48556770e-02 3.13293736e+10
9.54248110e-02 3.02108973e+10
9.59973599e-02 3.19588878e+10
9.65733441e-02 3.21175297e+10
9.71527841e-02 3.08694789e+10
9.77357008e-02 3.16596243e+10
9.83221150e-02 3.15062966e+10
9.89120477e-02 3.33104505e+10
9.95055200e-02 3.23768284e+10
1.00102553e-01 3.36004901e+10
1.00703168e-01 3.38604648e+10
1.01307387e-01 3.37775382e+10
1.01915232e-01 3.34755261e+10
1.02526723e-01 3.44714147e+10
1.03141884e-01 3.37316272e+10
1.03760735e-01 3.59148700e+10
1.04383299e-01 3.60822690e+10
1.05009599e-01 3.41761263e+10
1.05639657e-01 3.52925434e+10
1.06273495e-01 3.53610111e+10
1.06911136e-01 3.51429370e+10
1.07552602e-01 3.54308242e+10
1.08197918e-01 3.62062417e+10
1.08847105e-01 3.68575098e+10
1.09500188e-01 3.58663569e+10
1.10157189e-01 3.74025721e+10
1.10818132e-01 3.78061720e+10
1.11483041e-01 3.58204919e+10
1.12151939e-01 3.69180653e+10
1.12824851e-01 3.70515141e+10
1.13501800e-01 3.68804445e+10
1.14182811e-01 3.72197876e+10
1.14867908e-01 3.78041339e+10
1.15557115e-01 3.83600047e+10
1.16250458e-01 3.77348564e+10
1.16947961e-01 3.68137270e+10
1.17649648e-01 3.75594759e+10
1.18355546e-01 3.74052362e+10
1.19065680e-01 3.81853288e+10
1.19780074e-01 3.79515724e+10
1.20498754e-01 3.77856161e+10
1.21221747e-01 3.82597846e+10
1.21949077e-01 3.73584466e+10
1.22680772e-01 3.86279316e+10
1.23416856e-01 3.86623329e+10
1.24157357e-01 3.81362476e+10
1.24902302e-01 3.88943868e+10
1.25651715e-01 3.78894346e+10
1.26405626e-01 3.77924687e+10
1.27164059e-01 3.81989122e+10
1.27927044e-01 3.85094425e+10
1.28694606e-01 3.77269054e+10
1.29466774e-01 3.78230412e+10
1.30243574e-01 3.84769370e+10
1.31025036e-01 3.76422380e+10
1.31811186e-01 3.75921154e+10
1.32602053e-01 3.75559469e+10
1.33397665e-01 3.76645514e+10
1.34198051e-01 3.70454935e+10
1.35003240e-01 3.63364541e+10
1.35813259e-01 3.68148064e+10
1.36628139e-01 3.65434906e+10
1.37447907e-01 3.65914124e+10
1.38272595e-01 3.66585673e+10
1.39102230e-01 3.64127127e+10
1.39936844e-01 3.64005136e+10
1.40776465e-01 3.57137355e+10
1.41621124e-01 3.53129243e+10
1.42470850e-01 3.53984184e+10
1.43325676e-01 3.54958020e+10
1.44185630e-01 3.51988955e+10
1.45050743e-01 3.48268674e+10
1.45921048e-01 3.45496852e+10
1.46796574e-01 3.39134802e+10
1.47677354e-01 3.42233798e+10
1.48563418e-01 3.35986370e+10
1.49454798e-01 3.33210949e+10
1.50351527e-01 3.29840899e+10
1.51253636e-01 3.25702683e+10
1.52161158e-01 3.19077815e+10
1.53074125e-01 3.20208320e+10
1.53992570e-01 3.20815370e+10
1.54916525e-01 3.13198435e+10
1.55846024e-01 3.09136527e+10
1.56781100e-01 3.03434345e+10
1.57721787e-01 3.03136024e+10
1.58668118e-01 2.98262977e+10
1.59620126e-01 2.94803928e+10
1.60577847e-01 2.89506757e+10
1.61541314e-01 2.86671847e+10
1.62510562e-01 2.79729934e+10
1.63485626e-01 2.77510677e+10
1.64466539e-01 2.75659212e+10
1.65453339e-01 2.69111275e+10
1.66446059e-01 2.64976361e+10
1.67444735e-01 2.62556054e+10
1.68449403e-01 2.57693476e+10
1.69460100e-01 2.52068652e+10
1.70476860e-01 2.46409170e+10
1.71499721e-01 2.42203345e+10
1.72528720e-01 2.39276199e+10
1.73563892e-01 2.34526491e+10
1.74605275e-01 2.28322184e+10
1.75652907e-01 2.25623818e+10
1.76706825e-01 2.19969555e+10
1.77767066e-01 2.13889567e+10
1.78833668e-01 2.09586089e+10
1.79906670e-01 2.04653335e+10
1.80986110e-01 1.99175531e+10
1.82072027e-01 1.95385578e+10
1.83164459e-01 1.90309504e+10
1.84263446e-01 1.84604347e+10
1.85369026e-01 1.79958924e+10
1.86481240e-01 1.75120626e+10
1.87600128e-01 1.70649287e+10
1.88725729e-01 1.65389226e+10
1.89858083e-01 1.61250583e+10
1.90997231e-01 1.55974675e+10
1.92143215e-01 1.50646487e+10
1.93296074e-01 1.45845186e+10
1.94455851e-01 1.40793112e+10
1.95622586e-01 1.37110055e+10
1.96796321e-01 1.32575150e+10
1.97977099e-01 1.27995621e+10
1.99164962e-01 1.23382689e+10
2.00359951e-01 1.18092967e+10
2.01562111e-01 1.13784025e+10
2.02771484e-01 1.09551325e+10
2.03988113e-01 1.05039066e+10
2.05212041e-01 1.00917983e+10
2.06443314e-01 9.65398564e+09
2.07681974e-01 9.25998819e+09
2.08928065e-01 8.85948618e+09
2.10181634e-01 8.46568201e+09
2.11442724e-01 8.00517008e+09
2.12711380e-01 7.64083453e+09
2.13987648e-01 7.29278041e+09
2.15271574e-01 6.93312318e+09
2.16563204e-01 6.57591712e+09
2.17862583e-01 6.23810257e+09
2.19169758e-01 5.88856269e+09
2.20484777e-01 5.56456537e+09
2.21807685e-01 5.25756702e+09
2.23138532e-01 4.93182910e+09
2.24477363e-01 4.64630852e+09
2.25824227e-01 4.37055980e+09
2.27179172e-01 4.09770185e+09
2.28542247e-01 3.82272417e+09
2.29913501e-01 3.55632398e+09
2.31292982e-01 3.32960929e+09
2.32680740e-01 3.09342715e+09
2.34076824e-01 2.85949191e+09
2.35481285e-01 2.64448505e+09
2.36894173e-01 2.43988191e+09
2.38315538e-01 2.25743433e+09
2.39745431e-01 2.07140132e+09
2.41183904e-01 1.88771836e+09
2.42631007e-01 1.72398426e+09
2.44086793e-01 1.57028787e+09
2.45551314e-01 1.42531366e+09
2.47024622e-01 1.28680429e+09
2.48506770e-01 1.16468466e+09
2.49997810e-01 1.04727407e+09
2.51497797e-01 9.19092797e+08
2.53006784e-01 8.24285761e+08
2.54524824e-01 7.32467907e+08
2.56051973e-01 6.42222831e+08
2.57588285e-01 5.42794214e+08
2.59133815e-01 4.98620397e+08
2.60688618e-01 4.28081115e+08
2.62252750e-01 3.52291481e+08
2.63826266e-01 2.94270409e+08
2.65409224e-01 2.58831352e+08
2.67001679e-01 2.12842493e+08
2.68603689e-01 1.72164500e+08
2.70215311e-01 1.50555762e+08
2.71836603e-01 1.22819885e+08
2.73467623e-01 9.37563963e+07
2.75108428e-01 7.36987252e+07
2.76759079e-01 5.58160774e+07
2.78419633e-01 3.99680762e+07
2.80090151e-01 2.80173082e+07
2.81770692e-01 1.85647508e+07
2.83461316e-01 1.20406825e+07
2.85162084e-01 6.90210829e+06
2.86873057e-01 3.68018080e+06
2.88594295e-01 1.68735423e+06
2.90325861e-01 6.42583209e+05
2.92067816e-01 4.54652567e+05
2.93820223e-01 3.40088462e+05
2.95583144e-01 2.64225219e+05
2.97356643e-01 2.11045344e+05
2.99140783e-01 1.72285989e+05
3.00935628e-01 1.43220445e+05
3.02741241e-01 1.20889356e+05
3.04557689e-01 1.03305319e+05
3.06385035e-01 8.92095087e+04
3.08223345e-01 7.77346569e+04
3.10072685e-01 2.18010254e+02
3.11933121e-01 1.85879641e+02
3.13804720e-01 1.60319554e+02
3.15687548e-01 1.39578177e+02
3.17581674e-01 1.03529005e-03
3.19487164e-01 0.00000000e+00
3.21404087e-01 0.00000000e+00
3.23332511e-01 0.00000000e+00
3.25272506e-01 0.00000000e+00
3.27224141e-01 0.00000000e+00
3.29187486e-01 0.00000000e+00
3.31162611e-01 0.00000000e+00
3.33149587e-01 0.00000000e+00
3.35148484e-01 0.00000000e+00
3.37159375e-01 0.00000000e+00
3.39182332e-01 0.00000000e+00
3.41217426e-01 0.00000000e+00
3.43264730e-01 0.00000000e+00
3.45324318e-01 0.00000000e+00
3.47396264e-01 0.00000000e+00
3.49480642e-01 0.00000000e+00
3.51577526e-01 0.00000000e+00
3.53686991e-01 0.00000000e+00
3.55809113e-01 0.00000000e+00
3.57943968e-01 0.00000000e+00
3.60091631e-01 0.00000000e+00
3.62252181e-01 0.00000000e+00
3.64425694e-01 0.00000000e+00
3.66612248e-01 0.00000000e+00
3.68811922e-01 0.00000000e+00
3.71024793e-01 0.00000000e+00
3.73250942e-01 0.00000000e+00
3.75490448e-01 0.00000000e+00
3.77743391e-01 0.00000000e+00
3.80009851e-01 0.00000000e+00
3.82289910e-01 0.00000000e+00
3.84583649e-01 0.00000000e+00
3.86891151e-01 0.00000000e+00
3.89212498e-01 0.00000000e+00
3.91547773e-01 0.00000000e+00
3.93897060e-01 0.00000000e+00
