# 2026-06-09 | 22:39:24 | Calculation performed with SolarAxionFlux v1.1; g_agamma = 5.000000e-11 GeV^-1, g_ae = 1.000000e-13.
# Spectral flux over full solar volume.
# Columns: energy values [keV] | axion flux [cm^-2 s^-1 keV^-1]
1.00000000e-03 1.12594528e-01
2.76650000e-02 4.90534969e+05
5.43300000e-02 4.31699872e+07
8.09950000e-02 2.42616109e+08
1.07660000e-01 4.05506243e+08
1.34325000e-01 4.49811640e+08
1.60990000e-01 4.95372714e+08
1.87655000e-01 5.37046785e+08
2.14320000e-01 5.73023308e+08
2.40985000e-01 6.06993550e+08
2.67650000e-01 6.36910078e+08
2.94315000e-01 6.63380214e+08
3.20980000e-01 6.86958881e+08
3.47645000e-01 7.07564735e+08
3.74310000e-01 7.27422518e+08
4.00975000e-01 7.43359081e+08
4.27640000e-01 7.56582977e+08
4.54305000e-01 7.68363863e+08
4.80970000e-01 7.78428914e+08
5.07635000e-01 7.91689950e+08
5.34300000e-01 7.99372011e+08
5.60965000e-01 8.06329722e+08
5.87630000e-01 8.10379777e+08
6.14295000e-01 8.12232389e+08
6.40960000e-01 8.18045077e+08
6.67625000e-01 8.44438052e+08
6.94290000e-01 8.41536151e+08
7.20955000e-01 8.42561471e+08
7.47620000e-01 8.48140582e+08
7.74285000e-01 8.47668269e+08
8.00950000e-01 8.46283179e+08
8.27615000e-01 8.45186601e+08
8.54280000e-01 8.44384949e+08
8.80945000e-01 8.44351172e+08
9.07610000e-01 8.49455454e+08
9.34275000e-01 8.47276574e+08
9.60940000e-01 8.47031606e+08
9.87605000e-01 8.49554689e+08
1.01427000e+00 8.56954182e+08
1.04093500e+00 8.64921737e+08
1.06760000e+00 8.54595799e+08
1.09426500e+00 8.32270603e+08
1.12093000e+00 8.19318514e+08
1.14759500e+00 8.06221828e+08
1.17426000e+00 7.95486137e+08
1.20092500e+00 7.92075089e+08
1.22759000e+00 7.85042463e+08
1.25425500e+00 7.81473032e+08
1.28092000e+00 7.74790200e+08
1.30758500e+00 7.71618828e+08
1.33425000e+00 7.80372414e+08
1.36091500e+00 7.68451996e+08
1.38758000e+00 7.47348732e+08
1.41424500e+00 7.33248987e+08
1.44091000e+00 7.28440103e+08
1.46757500e+00 7.64799944e+08
1.49424000e+00 7.15561482e+08
1.52090500e+00 7.02008835e+08
1.54757000e+00 6.94845235e+08
1.57423500e+00 6.88579170e+08
1.60090000e+00 6.81484194e+08
1.62756500e+00 6.68807761e+08
1.65423000e+00 6.60099694e+08
1.68089500e+00 6.53623258e+08
1.70756000e+00 6.47821720e+08
1.73422500e+00 6.42304991e+08
1.76089000e+00 6.41365548e+08
1.78755500e+00 6.42509741e+08
1.81422000e+00 6.54990664e+08
1.84088500e+00 7.04544365e+08
1.86755000e+00 7.13331635e+08
1.89421500e+00 6.26314253e+08
1.92088000e+00 5.99503775e+08
1.94754500e+00 5.89875721e+08
1.97421000e+00 5.80140739e+08
2.00087500e+00 7.41092217e+08
2.02754000e+00 5.64710437e+08
2.05420500e+00 5.53568527e+08
2.08087000e+00 5.39179262e+08
2.10753500e+00 5.31454244e+08
2.13420000e+00 5.24490723e+08
2.16086500e+00 5.17813085e+08
2.18753000e+00 5.10968750e+08
2.21419500e+00 5.02887424e+08
2.24086000e+00 4.95964698e+08
2.26752500e+00 4.89339915e+08
2.29419000e+00 4.83464061e+08
2.32085500e+00 4.78785229e+08
2.34752000e+00 4.76260123e+08
2.37418500e+00 4.77642800e+08
2.40085000e+00 4.86210826e+08
2.42751500e+00 5.25743517e+08
2.45418000e+00 6.15834732e+08
2.48084500e+00 4.75982864e+08
2.50751000e+00 4.46252873e+08
2.53417500e+00 4.32620108e+08
2.56084000e+00 4.22676260e+08
2.58750500e+00 4.14022893e+08
2.61417000e+00 4.66326798e+08
2.64083500e+00 3.99624833e+08
2.66750000e+00 3.92440354e+08
2.69416500e+00 3.84729699e+08
2.72083000e+00 3.76663634e+08
2.74749500e+00 3.70637860e+08
2.77416000e+00 3.65074082e+08
2.80082500e+00 3.59808432e+08
2.82749000e+00 3.54640704e+08
2.85415500e+00 3.49799746e+08
2.88082000e+00 3.44943708e+08
2.90748500e+00 3.38653061e+08
2.93415000e+00 3.33133869e+08
2.96081500e+00 3.27944154e+08
2.98748000e+00 3.23086451e+08
3.01414500e+00 3.18822919e+08
3.04081000e+00 3.15517667e+08
3.06747500e+00 3.13231935e+08
3.09414000e+00 3.14884741e+08
3.12080500e+00 3.29690705e+08
3.14747000e+00 3.04007103e+08
3.17413500e+00 2.90533329e+08
3.20080000e+00 2.84377414e+08
3.22746500e+00 2.78199669e+08
3.25413000e+00 2.72976841e+08
3.28079500e+00 2.67768828e+08
3.30746000e+00 2.74502720e+08
3.33412500e+00 2.58045805e+08
3.36079000e+00 2.53339201e+08
3.38745500e+00 2.48456393e+08
3.41412000e+00 2.43971816e+08
3.44078500e+00 2.39742000e+08
3.46745000e+00 2.35641455e+08
3.49411500e+00 2.31701338e+08
3.52078000e+00 2.27837371e+08
3.54744500e+00 2.24070504e+08
3.57411000e+00 2.20375096e+08
3.60077500e+00 2.16785236e+08
3.62744000e+00 2.13345735e+08
3.65410500e+00 2.10004292e+08
3.68077000e+00 2.06675935e+08
3.70743500e+00 2.03362640e+08
3.73410000e+00 2.00277466e+08
3.76076500e+00 1.97733294e+08
3.78743000e+00 1.95948927e+08
3.81409500e+00 1.94829846e+08
3.84076000e+00 1.94155854e+08
3.86742500e+00 2.02771292e+08
3.89409000e+00 1.97631300e+08
3.92075500e+00 1.82503743e+08
3.94742000e+00 1.76234857e+08
3.97408500e+00 1.71849527e+08
4.00075000e+00 1.68080556e+08
4.02741500e+00 1.64739305e+08
4.05408000e+00 1.61452743e+08
4.08074500e+00 1.63300710e+08
4.10741000e+00 1.55445841e+08
4.13407500e+00 1.52556927e+08
4.16074000e+00 1.49693955e+08
4.18740500e+00 1.46957077e+08
4.21407000e+00 1.44302016e+08
4.24073500e+00 1.41706408e+08
4.26740000e+00 1.39282544e+08
4.29406500e+00 1.36908176e+08
4.32073000e+00 1.34596252e+08
4.34739500e+00 1.32339306e+08
4.37406000e+00 1.30134456e+08
4.40072500e+00 1.27987146e+08
4.42739000e+00 1.25905570e+08
4.45405500e+00 1.23858018e+08
4.48072000e+00 1.21874645e+08
4.50738500e+00 1.19964310e+08
4.53405000e+00 1.18045309e+08
4.56071500e+00 1.16182163e+08
4.58738000e+00 1.14123092e+08
4.61404500e+00 1.12108104e+08
4.64071000e+00 1.10131125e+08
4.66737500e+00 1.08196756e+08
4.69404000e+00 1.06334939e+08
4.72070500e+00 1.04502904e+08
4.74737000e+00 1.02692117e+08
4.77403500e+00 1.00904159e+08
4.80070000e+00 9.91587961e+07
4.82736500e+00 9.74338119e+07
4.85403000e+00 9.57372203e+07
4.88069500e+00 9.40749407e+07
4.90736000e+00 9.24223887e+07
4.93402500e+00 9.07994024e+07
4.96069000e+00 8.92343106e+07
4.98735500e+00 8.76982371e+07
5.01402000e+00 8.61930159e+07
5.04068500e+00 8.47082289e+07
5.06735000e+00 8.32478414e+07
5.09401500e+00 8.18247706e+07
5.12068000e+00 8.04320172e+07
5.14734500e+00 7.90668642e+07
5.17401000e+00 7.77146040e+07
5.20067500e+00 7.63899076e+07
5.22734000e+00 7.51013329e+07
5.25400500e+00 7.38419851e+07
5.28067000e+00 7.26040711e+07
5.30733500e+00 7.13883545e+07
5.33400000e+00 7.01960242e+07
5.36066500e+00 6.90280447e+07
5.38733000e+00 6.78847055e+07
5.41399500e+00 6.67743253e+07
5.44066000e+00 6.56990642e+07
5.46732500e+00 6.46700837e+07
5.49399000e+00 6.37112302e+07
5.52065500e+00 6.28513950e+07
5.54732000e+00 6.21936525e+07
5.57398500e+00 6.16970859e+07
5.60065000e+00 6.04374578e+07
5.62731500e+00 5.96989146e+07
5.65398000e+00 5.95527825e+07
5.68064500e+00 5.75351244e+07
5.70731000e+00 5.62408765e+07
5.73397500e+00 5.52650196e+07
5.76064000e+00 5.61977370e+07
5.78730500e+00 5.33881428e+07
5.81397000e+00 5.24227356e+07
5.84063500e+00 5.15874209e+07
5.86730000e+00 5.08003751e+07
5.89396500e+00 5.00614481e+07
5.92063000e+00 4.93491757e+07
5.94729500e+00 4.86672976e+07
5.97396000e+00 4.80353879e+07
6.00062500e+00 4.74709602e+07
6.02729000e+00 4.69951490e+07
6.05395500e+00 4.65939495e+07
6.08062000e+00 4.61631241e+07
6.10728500e+00 4.55948287e+07
6.13395000e+00 4.54883029e+07
6.16061500e+00 4.50364738e+07
6.18728000e+00 4.44308003e+07
6.21394500e+00 4.38713002e+07
6.24061000e+00 4.33991245e+07
6.26727500e+00 4.31928179e+07
6.29394000e+00 4.31481613e+07
6.32060500e+00 4.32847519e+07
6.34727000e+00 4.36480152e+07
6.37393500e+00 4.42739982e+07
6.40060000e+00 4.53258923e+07
6.42726500e+00 4.69545056e+07
6.45393000e+00 4.93490116e+07
6.48059500e+00 5.33079505e+07
6.50726000e+00 5.99170958e+07
6.53392500e+00 7.05573260e+07
6.56059000e+00 8.48450348e+07
6.58725500e+00 1.01744944e+08
6.61392000e+00 9.56432443e+07
6.64058500e+00 1.71760971e+08
6.66725000e+00 1.39052154e+08
6.69391500e+00 8.93915056e+07
6.72058000e+00 6.70688677e+07
6.74724500e+00 5.54120086e+07
6.77391000e+00 4.78245317e+07
6.80057500e+00 4.26484726e+07
6.82724000e+00 3.89913458e+07
6.85390500e+00 3.63115902e+07
6.88057000e+00 3.42421197e+07
6.90723500e+00 3.26311647e+07
6.93390000e+00 3.12922818e+07
6.96056500e+00 3.01460645e+07
6.98723000e+00 2.91058390e+07
7.01389500e+00 2.81815549e+07
7.04056000e+00 2.73625314e+07
7.06722500e+00 2.66383558e+07
7.09389000e+00 2.59861384e+07
7.12055500e+00 2.53961933e+07
7.14722000e+00 2.48611106e+07
7.17388500e+00 2.43756814e+07
7.20055000e+00 2.39314984e+07
7.22721500e+00 2.35317623e+07
7.25388000e+00 2.31743469e+07
7.28054500e+00 2.28520436e+07
7.30721000e+00 2.25795418e+07
7.33387500e+00 2.23451605e+07
7.36054000e+00 2.21680275e+07
7.38720500e+00 2.20568851e+07
7.41387000e+00 2.20237435e+07
7.44053500e+00 2.20733143e+07
7.46720000e+00 2.22187696e+07
7.49386500e+00 2.24794672e+07
7.52053000e+00 2.28476968e+07
7.54719500e+00 2.33146492e+07
7.57386000e+00 2.39353650e+07
7.60052500e+00 2.46167536e+07
7.62719000e+00 2.53668302e+07
7.65385500e+00 2.61295973e+07
7.68052000e+00 2.69646788e+07
7.70718500e+00 2.65256811e+07
7.73385000e+00 2.66002495e+07
7.76051500e+00 2.68054336e+07
7.78718000e+00 2.60339614e+07
7.81384500e+00 2.52196524e+07
7.84051000e+00 2.40128463e+07
7.86717500e+00 2.28939680e+07
7.89384000e+00 2.17816328e+07
7.92050500e+00 2.08586778e+07
7.94717000e+00 2.01701692e+07
7.97383500e+00 1.96750415e+07
8.00050000e+00 1.93390071e+07
8.02716500e+00 1.90229750e+07
8.05383000e+00 1.87737988e+07
8.08049500e+00 1.85402385e+07
8.10716000e+00 1.83249375e+07
8.13382500e+00 1.81052886e+07
8.16049000e+00 1.78745213e+07
8.18715500e+00 1.76322741e+07
8.21382000e+00 1.73866763e+07
8.24048500e+00 1.71285750e+07
8.26715000e+00 1.68553575e+07
8.29381500e+00 1.65797686e+07
8.32048000e+00 1.63049128e+07
8.34714500e+00 1.60213695e+07
8.37381000e+00 1.57334966e+07
8.40047500e+00 1.54511194e+07
8.42714000e+00 1.51725542e+07
8.45380500e+00 1.48997189e+07
8.48047000e+00 1.46284147e+07
8.50713500e+00 1.43648103e+07
8.53380000e+00 1.41100233e+07
8.56046500e+00 1.38611214e+07
8.58713000e+00 1.36166976e+07
8.61379500e+00 1.33820728e+07
8.64046000e+00 1.31531063e+07
8.66712500e+00 1.29312016e+07
8.69379000e+00 1.27152239e+07
8.72045500e+00 1.25090066e+07
8.74712000e+00 1.23078358e+07
8.77378500e+00 1.21145141e+07
8.80045000e+00 1.19249409e+07
8.82711500e+00 1.17406031e+07
8.85378000e+00 1.15618269e+07
8.88044500e+00 1.13852363e+07
8.90711000e+00 1.12061180e+07
8.93377500e+00 1.10269737e+07
8.96044000e+00 1.08509492e+07
8.98710500e+00 1.06691187e+07
9.01377000e+00 1.04805666e+07
9.04043500e+00 1.02928200e+07
9.06710000e+00 1.01204502e+07
9.09376500e+00 9.95874376e+06
9.12043000e+00 9.78979419e+06
9.14709500e+00 9.60760148e+06
9.17376000e+00 9.43271441e+06
9.20042500e+00 9.25915905e+06
9.22709000e+00 9.09157779e+06
9.25375500e+00 8.93207497e+06
9.28042000e+00 8.77822128e+06
9.30708500e+00 8.63083217e+06
9.33375000e+00 8.48674280e+06
9.36041500e+00 8.34548372e+06
9.38708000e+00 8.20750614e+06
9.41374500e+00 8.07168119e+06
9.44041000e+00 7.93745452e+06
9.46707500e+00 7.80564613e+06
9.49374000e+00 7.67729318e+06
9.52040500e+00 7.54881458e+06
9.54707000e+00 7.42351978e+06
9.57373500e+00 7.29969637e+06
9.60040000e+00 7.17677430e+06
9.62706500e+00 7.05690002e+06
9.65373000e+00 6.93803890e+06
9.68039500e+00 6.82071547e+06
9.70706000e+00 6.70508493e+06
9.73372500e+00 6.59258960e+06
9.76039000e+00 6.48071595e+06
9.78705500e+00 6.37141612e+06
9.81372000e+00 6.26411750e+06
9.84038500e+00 6.15752506e+06
9.86705000e+00 6.05399527e+06
9.89371500e+00 5.95127271e+06
9.92038000e+00 5.85104731e+06
9.94704500e+00 5.75163486e+06
9.97371000e+00 5.65486662e+06
1.00003750e+01 5.55905421e+06
1.00270400e+01 5.46558742e+06
1.00537050e+01 5.37295159e+06
1.00803700e+01 5.28238073e+06
1.01070350e+01 5.19292853e+06
1.01337000e+01 5.10519571e+06
1.01603650e+01 5.01904387e+06
1.01870300e+01 4.93501945e+06
1.02136950e+01 4.85198375e+06
1.02403600e+01 4.77038612e+06
1.02670250e+01 4.69053897e+06
1.02936900e+01 4.61121176e+06
1.03203550e+01 4.53388492e+06
1.03470200e+01 4.45823097e+06
1.03736850e+01 4.38282432e+06
1.04003500e+01 4.30924228e+06
1.04270150e+01 4.23685349e+06
1.04536800e+01 4.16570100e+06
1.04803450e+01 4.09515782e+06
1.05070100e+01 4.02679244e+06
1.05336750e+01 3.95983459e+06
1.05603400e+01 3.89303683e+06
1.05870050e+01 3.82775639e+06
1.06136700e+01 3.76368635e+06
1.06403350e+01 3.70019245e+06
1.06670000e+01 3.63831918e+06
1.06936650e+01 3.57740119e+06
1.07203300e+01 3.51701463e+06
1.07469950e+01 3.45818033e+06
1.07736600e+01 3.40045850e+06
1.08003250e+01 3.34314110e+06
1.08269900e+01 3.28744032e+06
1.08536550e+01 3.23252949e+06
1.08803200e+01 3.17819925e+06
1.09069850e+01 3.12477132e+06
1.09336500e+01 3.07178553e+06
1.09603150e+01 3.02061744e+06
1.09869800e+01 2.96994960e+06
1.10136450e+01 2.92031040e+06
1.10403100e+01 2.87158211e+06
1.10669750e+01 2.82260966e+06
1.10936400e+01 2.77570520e+06
1.11203050e+01 2.72949163e+06
1.11469700e+01 2.68389967e+06
1.11736350e+01 2.63822153e+06
1.12003000e+01 2.59467567e+06
1.12269650e+01 2.55147702e+06
1.12536300e+01 2.50871595e+06
1.12802950e+01 2.46683495e+06
1.13069600e+01 2.42594869e+06
1.13336250e+01 2.38478904e+06
1.13602900e+01 2.34553106e+06
1.13869550e+01 2.30610491e+06
1.14136200e+01 2.26789402e+06
1.14402850e+01 2.22965945e+06
1.14669500e+01 2.19251325e+06
1.14936150e+01 2.15609434e+06
1.15202800e+01 2.12003421e+06
1.15469450e+01 2.08427852e+06
1.15736100e+01 2.04978732e+06
1.16002750e+01 2.01546269e+06
1.16269400e+01 1.98179957e+06
1.16536050e+01 1.94872679e+06
1.16802700e+01 1.91636491e+06
1.17069350e+01 1.88445236e+06
1.17336000e+01 1.85305321e+06
1.17602650e+01 1.82234076e+06
1.17869300e+01 1.79178319e+06
1.18135950e+01 1.76169724e+06
1.18402600e+01 1.73244580e+06
1.18669250e+01 1.70355454e+06
1.18935900e+01 1.67528824e+06
1.19202550e+01 1.64768929e+06
1.19469200e+01 1.62002556e+06
1.19735850e+01 1.59307404e+06
1.20002500e+01 1.56702395e+06
1.20269150e+01 1.54091406e+06
1.20535800e+01 1.51509356e+06
1.20802450e+01 1.48990530e+06
1.21069100e+01 1.46534868e+06
1.21335750e+01 1.44098590e+06
1.21602400e+01 1.41703070e+06
1.21869050e+01 1.39334489e+06
1.22135700e+01 1.36997257e+06
1.22402350e+01 1.34769598e+06
1.22669000e+01 1.32518453e+06
1.22935650e+01 1.30304688e+06
1.23202300e+01 1.28132658e+06
1.23468950e+01 1.26002581e+06
1.23735600e+01 1.23902888e+06
1.24002250e+01 1.21846436e+06
1.24268900e+01 1.19852377e+06
1.24535550e+01 1.17858507e+06
1.24802200e+01 1.15912572e+06
1.25068850e+01 1.13986394e+06
1.25335500e+01 1.12081564e+06
1.25602150e+01 1.10203338e+06
1.25868800e+01 1.08374125e+06
1.26135450e+01 1.06571960e+06
1.26402100e+01 1.04803093e+06
1.26668750e+01 1.03055431e+06
1.26935400e+01 1.01342906e+06
1.27202050e+01 9.96629258e+05
1.27468700e+01 9.80050873e+05
1.27735350e+01 9.63784998e+05
1.28002000e+01 9.47863374e+05
1.28268650e+01 9.32092830e+05
1.28535300e+01 9.16554899e+05
1.28801950e+01 9.01393198e+05
1.29068600e+01 8.86450026e+05
1.29335250e+01 8.71751379e+05
1.29601900e+01 8.57286293e+05
1.29868550e+01 8.43143071e+05
1.30135200e+01 8.29174951e+05
1.30401850e+01 8.15506902e+05
1.30668500e+01 8.01930138e+05
1.30935150e+01 7.88602353e+05
1.31201800e+01 7.75601243e+05
1.31468450e+01 7.62728623e+05
1.31735100e+01 7.50019297e+05
1.32001750e+01 7.37605709e+05
1.32268400e+01 7.25309522e+05
1.32535050e+01 7.13254094e+05
1.32801700e+01 7.01509329e+05
1.33068350e+01 6.89811847e+05
1.33335000e+01 6.78263136e+05
1.33601650e+01 6.67109669e+05
1.33868300e+01 6.56050765e+05
1.34134950e+01 6.45095057e+05
1.34401600e+01 6.34458046e+05
1.34668250e+01 6.23994933e+05
1.34934900e+01 6.13811054e+05
1.35201550e+01 6.03353231e+05
1.35468200e+01 5.93302035e+05
1.35734850e+01 5.83429911e+05
1.36001500e+01 5.73706815e+05
1.36268150e+01 5.64288795e+05
1.36534800e+01 5.54955557e+05
1.36801450e+01 5.45867412e+05
1.37068100e+01 5.36621117e+05
1.37334750e+01 5.27733735e+05
1.37601400e+01 5.18884592e+05
1.37868050e+01 5.10395178e+05
1.38134700e+01 5.01916212e+05
1.38401350e+01 4.93578177e+05
1.38668000e+01 4.85392699e+05
1.38934650e+01 4.77392856e+05
1.39201300e+01 4.69467092e+05
1.39467950e+01 4.61659364e+05
1.39734600e+01 4.54042473e+05
1.40001250e+01 4.46591349e+05
1.40267900e+01 4.39186765e+05
1.40534550e+01 4.31883536e+05
1.40801200e+01 4.24676435e+05
1.41067850e+01 4.17711434e+05
1.41334500e+01 4.10770599e+05
1.41601150e+01 4.03526601e+05
1.41867800e+01 3.96781695e+05
1.42134450e+01 3.90199860e+05
1.42401100e+01 3.83736708e+05
1.42667750e+01 3.77310777e+05
1.42934400e+01 3.71065082e+05
1.43201050e+01 3.64962888e+05
1.43467700e+01 3.58842153e+05
1.43734350e+01 3.52853118e+05
1.44001000e+01 3.47068270e+05
1.44267650e+01 3.41305438e+05
1.44534300e+01 3.35583131e+05
1.44800950e+01 3.29987376e+05
1.45067600e+01 3.24554188e+05
1.45334250e+01 3.19161459e+05
1.45600900e+01 3.13818574e+05
1.45867550e+01 3.08641546e+05
1.46134200e+01 3.03568077e+05
1.46400850e+01 2.98500979e+05
1.46667500e+01 2.93523770e+05
1.46934150e+01 2.88627809e+05
1.47200800e+01 2.83777990e+05
1.47467450e+01 2.79082152e+05
1.47734100e+01 2.74468171e+05
1.48000750e+01 2.69926455e+05
1.48267400e+01 2.65414032e+05
1.48534050e+01 2.60983964e+05
1.48800700e+01 2.56638272e+05
1.49067350e+01 2.52387220e+05
1.49334000e+01 2.48197778e+05
1.49600650e+01 2.44093020e+05
1.49867300e+01 2.40040406e+05
1.50133950e+01 2.36056002e+05
1.50400600e+01 2.32116683e+05
1.50667250e+01 2.28250404e+05
1.50933900e+01 2.24448753e+05
1.51200550e+01 2.20721034e+05
1.51467200e+01 2.17033250e+05
1.51733850e+01 2.13417727e+05
1.52000500e+01 2.09860475e+05
1.52267150e+01 2.06407104e+05
1.52533800e+01 2.02988435e+05
1.52800450e+01 1.99612123e+05
1.53067100e+01 1.96276492e+05
1.53333750e+01 1.93002883e+05
1.53600400e+01 1.89789806e+05
1.53867050e+01 1.86000285e+05
1.54133700e+01 1.82913955e+05
1.54400350e+01 1.79885318e+05
1.54667000e+01 1.76900497e+05
1.54933650e+01 1.73956264e+05
1.55200300e+01 1.71067607e+05
1.55466950e+01 1.68233087e+05
1.55733600e+01 1.65443222e+05
1.56000250e+01 1.62690235e+05
1.56266900e+01 1.59988102e+05
1.56533550e+01 1.57332197e+05
1.56800200e+01 1.54721835e+05
1.57066850e+01 1.52152676e+05
1.57333500e+01 1.49620782e+05
1.57600150e+01 1.47130961e+05
1.57866800e+01 1.44685350e+05
1.58133450e+01 1.42283458e+05
1.58400100e+01 1.39928958e+05
1.58666750e+01 1.37614545e+05
1.58933400e+01 1.35337824e+05
1.59200050e+01 1.33086941e+05
1.59466700e+01 1.30839789e+05
1.59733350e+01 1.28655658e+05
