# 2026-05-16 | 21:53:02 | Calculation performed with SolarAxionFlux v1.1; g_agamma = 5.000000e-11 GeV^-1, g_ae = 1.000000e-13.
# Spectral flux over full solar volume.
# Columns: energy values [keV] | axion flux [cm^-2 s^-1 keV^-1]
1.00000000e-03 4.12320405e-04
1.69990000e-02 1.95772183e+04
3.29980000e-02 3.08908914e+05
4.89970000e-02 1.32134309e+06
6.49960000e-02 3.54839075e+06
8.09950000e-02 7.48470345e+06
9.69940000e-02 1.36161134e+07
1.12993000e-01 2.24168304e+07
1.28992000e-01 3.43433014e+07
1.44991000e-01 4.98337429e+07
1.60990000e-01 6.93072803e+07
1.76989000e-01 9.31063811e+07
1.92988000e-01 1.21584053e+08
2.08987000e-01 1.54975878e+08
2.24986000e-01 1.93428537e+08
2.40985000e-01 2.36987963e+08
2.56984000e-01 2.85576385e+08
2.72983000e-01 3.38998494e+08
2.88982000e-01 3.96905393e+08
3.04981000e-01 4.58717950e+08
3.20980000e-01 5.24669074e+08
3.36979000e-01 5.94871376e+08
3.52978000e-01 6.69379668e+08
3.68977000e-01 7.48085186e+08
3.84976000e-01 8.30979432e+08
4.00975000e-01 9.18001853e+08
4.16974000e-01 1.00908128e+09
4.32973000e-01 1.10413810e+09
4.48972000e-01 1.20308591e+09
4.64971000e-01 1.30583264e+09
4.80970000e-01 1.41228158e+09
4.96969000e-01 1.52233220e+09
5.12968000e-01 1.63588084e+09
5.28967000e-01 1.75282128e+09
5.44966000e-01 1.87304533e+09
5.60965000e-01 1.99644324e+09
5.76964000e-01 2.12290412e+09
5.92963000e-01 2.25231632e+09
6.08962000e-01 2.38456775e+09
6.24961000e-01 2.51954613e+09
6.40960000e-01 2.65713929e+09
6.56959000e-01 2.79723537e+09
6.72958000e-01 2.93972304e+09
6.88957000e-01 3.08449165e+09
7.04956000e-01 3.23143140e+09
7.20955000e-01 3.38043350e+09
7.36954000e-01 3.53139026e+09
7.52953000e-01 3.68419520e+09
7.68952000e-01 3.83874317e+09
7.84951000e-01 3.99430308e+09
8.00950000e-01 4.15198934e+09
8.16949000e-01 4.31111061e+09
8.32948000e-01 4.47156772e+09
8.48947000e-01 4.63326312e+09
8.64946000e-01 4.79630334e+09
8.80945000e-01 4.96020122e+09
8.96944000e-01 5.12505533e+09
9.12943000e-01 5.29077496e+09
9.28942000e-01 5.45727114e+09
9.44941000e-01 5.62445672e+09
9.60940000e-01 5.79224627e+09
9.76939000e-01 5.96055618e+09
9.92938000e-01 6.12930461e+09
1.00893700e+00 6.29841149e+09
1.02493600e+00 6.46779853e+09
1.04093500e+00 6.63738922e+09
1.05693400e+00 6.80710878e+09
1.07293300e+00 6.97688422e+09
1.08893200e+00 7.14664427e+09
1.10493100e+00 7.31631936e+09
1.12093000e+00 7.48584167e+09
1.13692900e+00 7.65514506e+09
1.15292800e+00 7.82416507e+09
1.16892700e+00 7.99283889e+09
1.18492600e+00 8.16110537e+09
1.20092500e+00 8.32890498e+09
1.21692400e+00 8.49617980e+09
1.23292300e+00 8.66287349e+09
1.24892200e+00 8.82893129e+09
1.26492100e+00 8.99429997e+09
1.28092000e+00 9.15892784e+09
1.29691900e+00 9.32276470e+09
1.31291800e+00 9.48576187e+09
1.32891700e+00 9.64787209e+09
1.34491600e+00 9.80904956e+09
1.36091500e+00 9.96924992e+09
1.37691400e+00 1.01284302e+10
1.39291300e+00 1.02865488e+10
1.40891200e+00 1.04435654e+10
1.42491100e+00 1.05994412e+10
1.44091000e+00 1.07541386e+10
1.45690900e+00 1.09076213e+10
1.47290800e+00 1.10598542e+10
1.48890700e+00 1.12108036e+10
1.50490600e+00 1.13604369e+10
1.52090500e+00 1.15087229e+10
1.53690400e+00 1.16556313e+10
1.55290300e+00 1.18011331e+10
1.56890200e+00 1.19452007e+10
1.58490100e+00 1.20878072e+10
1.60090000e+00 1.22289271e+10
1.61689900e+00 1.23685358e+10
1.63289800e+00 1.25066099e+10
1.64889700e+00 1.26431270e+10
1.66489600e+00 1.27780658e+10
1.68089500e+00 1.29114059e+10
1.69689400e+00 1.30431279e+10
1.71289300e+00 1.31732135e+10
1.72889200e+00 1.33016451e+10
1.74489100e+00 1.34284063e+10
1.76089000e+00 1.35534815e+10
1.77688900e+00 1.36768560e+10
1.79288800e+00 1.37985159e+10
1.80888700e+00 1.39184483e+10
1.82488600e+00 1.40366411e+10
1.84088500e+00 1.41530830e+10
1.85688400e+00 1.42677634e+10
1.87288300e+00 1.43806728e+10
1.88888200e+00 1.44918021e+10
1.90488100e+00 1.46011433e+10
1.92088000e+00 1.47086888e+10
1.93687900e+00 1.48144321e+10
1.95287800e+00 1.49183670e+10
1.96887700e+00 1.50204884e+10
1.98487600e+00 1.51207916e+10
2.00087500e+00 1.52192726e+10
2.01687400e+00 1.53159281e+10
2.03287300e+00 1.54107555e+10
2.04887200e+00 1.55037527e+10
2.06487100e+00 1.55949182e+10
2.08087000e+00 1.56842512e+10
2.09686900e+00 1.57717513e+10
2.11286800e+00 1.58574189e+10
2.12886700e+00 1.59412547e+10
2.14486600e+00 1.60232600e+10
2.16086500e+00 1.61034367e+10
2.17686400e+00 1.61817872e+10
2.19286300e+00 1.62583143e+10
2.20886200e+00 1.63330214e+10
2.22486100e+00 1.64059122e+10
2.24086000e+00 1.64769909e+10
2.25685900e+00 1.65462624e+10
2.27285800e+00 1.66137316e+10
2.28885700e+00 1.66794041e+10
2.30485600e+00 1.67432858e+10
2.32085500e+00 1.68053831e+10
2.33685400e+00 1.68657027e+10
2.35285300e+00 1.69242516e+10
2.36885200e+00 1.69810374e+10
2.38485100e+00 1.70360677e+10
2.40085000e+00 1.70893507e+10
2.41684900e+00 1.71408948e+10
2.43284800e+00 1.71907088e+10
2.44884700e+00 1.72388019e+10
2.46484600e+00 1.72851832e+10
2.48084500e+00 1.73298626e+10
2.49684400e+00 1.73728499e+10
2.51284300e+00 1.74141553e+10
2.52884200e+00 1.74537894e+10
2.54484100e+00 1.74917626e+10
2.56084000e+00 1.75280861e+10
2.57683900e+00 1.75627710e+10
2.59283800e+00 1.75958287e+10
2.60883700e+00 1.76272707e+10
2.62483600e+00 1.76571089e+10
2.64083500e+00 1.76853554e+10
2.65683400e+00 1.77120222e+10
2.67283300e+00 1.77371217e+10
2.68883200e+00 1.77606666e+10
2.70483100e+00 1.77826695e+10
2.72083000e+00 1.78031432e+10
2.73682900e+00 1.78213868e+10
2.75282800e+00 1.78388350e+10
2.76882700e+00 1.78547935e+10
2.78482600e+00 1.78692758e+10
2.80082500e+00 1.78822954e+10
2.81682400e+00 1.78938661e+10
2.83282300e+00 1.79040014e+10
2.84882200e+00 1.79127154e+10
2.86482100e+00 1.79200219e+10
2.88082000e+00 1.79259351e+10
2.89681900e+00 1.79304690e+10
2.91281800e+00 1.79336379e+10
2.92881700e+00 1.79354560e+10
2.94481600e+00 1.79359378e+10
2.96081500e+00 1.79350975e+10
2.97681400e+00 1.79329498e+10
2.99281300e+00 1.79295090e+10
3.00881200e+00 1.79247898e+10
3.02481100e+00 1.79188067e+10
3.04081000e+00 1.79115744e+10
3.05680900e+00 1.79031075e+10
3.07280800e+00 1.78934208e+10
3.08880700e+00 1.78825290e+10
3.10480600e+00 1.78704467e+10
3.12080500e+00 1.78571887e+10
3.13680400e+00 1.78427698e+10
3.15280300e+00 1.78272047e+10
3.16880200e+00 1.78105082e+10
3.18480100e+00 1.77926949e+10
3.20080000e+00 1.77737797e+10
3.21679900e+00 1.77537773e+10
3.23279800e+00 1.77327023e+10
3.24879700e+00 1.77105695e+10
3.26479600e+00 1.76873935e+10
3.28079500e+00 1.76631890e+10
3.29679400e+00 1.76379705e+10
3.31279300e+00 1.76117527e+10
3.32879200e+00 1.75845501e+10
3.34479100e+00 1.75563773e+10
3.36079000e+00 1.75272485e+10
3.37678900e+00 1.74971784e+10
3.39278800e+00 1.74661812e+10
3.40878700e+00 1.74342713e+10
3.42478600e+00 1.74014630e+10
3.44078500e+00 1.73677704e+10
3.45678400e+00 1.73332077e+10
3.47278300e+00 1.72977891e+10
3.48878200e+00 1.72615285e+10
3.50478100e+00 1.72244399e+10
3.52078000e+00 1.71865372e+10
3.53677900e+00 1.71478343e+10
3.55277800e+00 1.71083450e+10
3.56877700e+00 1.70680829e+10
3.58477600e+00 1.70270616e+10
3.60077500e+00 1.69852947e+10
3.61677400e+00 1.69427957e+10
3.63277300e+00 1.68995780e+10
3.64877200e+00 1.68556548e+10
3.66477100e+00 1.68110393e+10
3.68077000e+00 1.67657448e+10
3.69676900e+00 1.67197843e+10
3.71276800e+00 1.66731707e+10
3.72876700e+00 1.66259170e+10
3.74476600e+00 1.65780358e+10
3.76076500e+00 1.65295400e+10
3.77676400e+00 1.64804421e+10
3.79276300e+00 1.64307547e+10
3.80876200e+00 1.63804902e+10
3.82476100e+00 1.63296608e+10
3.84076000e+00 1.62782789e+10
3.85675900e+00 1.62263565e+10
3.87275800e+00 1.61739058e+10
3.88875700e+00 1.61209387e+10
3.90475600e+00 1.60674669e+10
3.92075500e+00 1.60135023e+10
3.93675400e+00 1.59590564e+10
3.95275300e+00 1.59041409e+10
3.96875200e+00 1.58487672e+10
3.98475100e+00 1.57929466e+10
4.00075000e+00 1.57366903e+10
4.01674900e+00 1.56800095e+10
4.03274800e+00 1.56229153e+10
4.04874700e+00 1.55654184e+10
4.06474600e+00 1.55075299e+10
4.08074500e+00 1.54492603e+10
4.09674400e+00 1.53906204e+10
4.11274300e+00 1.53316205e+10
4.12874200e+00 1.52722712e+10
4.14474100e+00 1.52125827e+10
4.16074000e+00 1.51525652e+10
4.17673900e+00 1.50922288e+10
4.19273800e+00 1.50315835e+10
4.20873700e+00 1.49706391e+10
4.22473600e+00 1.49094055e+10
4.24073500e+00 1.48478923e+10
4.25673400e+00 1.47861091e+10
4.27273300e+00 1.47240653e+10
4.28873200e+00 1.46617703e+10
4.30473100e+00 1.45992332e+10
4.32073000e+00 1.45364634e+10
4.33672900e+00 1.44734697e+10
4.35272800e+00 1.44102612e+10
4.36872700e+00 1.43468466e+10
4.38472600e+00 1.42832346e+10
4.40072500e+00 1.42194340e+10
4.41672400e+00 1.41554532e+10
4.43272300e+00 1.40913005e+10
4.44872200e+00 1.40269844e+10
4.46472100e+00 1.39625130e+10
4.48072000e+00 1.38978944e+10
4.49671900e+00 1.38331366e+10
4.51271800e+00 1.37682475e+10
4.52871700e+00 1.37032349e+10
4.54471600e+00 1.36381066e+10
4.56071500e+00 1.35728700e+10
4.57671400e+00 1.35075326e+10
4.59271300e+00 1.34421020e+10
4.60871200e+00 1.33765853e+10
4.62471100e+00 1.33109897e+10
4.64071000e+00 1.32453224e+10
4.65670900e+00 1.31795904e+10
4.67270800e+00 1.31138005e+10
4.68870700e+00 1.30479595e+10
4.70470600e+00 1.29820742e+10
4.72070500e+00 1.29161511e+10
4.73670400e+00 1.28501968e+10
4.75270300e+00 1.27842177e+10
4.76870200e+00 1.27182201e+10
4.78470100e+00 1.26522102e+10
4.80070000e+00 1.25861943e+10
4.81669900e+00 1.25201782e+10
4.83269800e+00 1.24541681e+10
4.84869700e+00 1.23881696e+10
4.86469600e+00 1.23221887e+10
4.88069500e+00 1.22562310e+10
4.89669400e+00 1.21903021e+10
4.91269300e+00 1.21244075e+10
4.92869200e+00 1.20585526e+10
4.94469100e+00 1.19927428e+10
4.96069000e+00 1.19269832e+10
4.97668900e+00 1.18612790e+10
4.99268800e+00 1.17956354e+10
5.00868700e+00 1.17300573e+10
5.02468600e+00 1.16645495e+10
5.04068500e+00 1.15991170e+10
5.05668400e+00 1.15337644e+10
5.07268300e+00 1.14684964e+10
5.08868200e+00 1.14033176e+10
5.10468100e+00 1.13382324e+10
5.12068000e+00 1.12732453e+10
5.13667900e+00 1.12083607e+10
5.15267800e+00 1.11435827e+10
5.16867700e+00 1.10789155e+10
5.18467600e+00 1.10143632e+10
5.20067500e+00 1.09499300e+10
5.21667400e+00 1.08856196e+10
5.23267300e+00 1.08214360e+10
5.24867200e+00 1.07573830e+10
5.26467100e+00 1.06934642e+10
5.28067000e+00 1.06296835e+10
5.29666900e+00 1.05660442e+10
5.31266800e+00 1.05025500e+10
5.32866700e+00 1.04392042e+10
5.34466600e+00 1.03760103e+10
5.36066500e+00 1.03129715e+10
5.37666400e+00 1.02500911e+10
5.39266300e+00 1.01873722e+10
5.40866200e+00 1.01248180e+10
5.42466100e+00 1.00624314e+10
5.44066000e+00 1.00002153e+10
5.45665900e+00 9.93817282e+09
5.47265800e+00 9.87630664e+09
5.48865700e+00 9.81461956e+09
5.50465600e+00 9.75311429e+09
5.52065500e+00 9.69179347e+09
5.53665400e+00 9.63065968e+09
5.55265300e+00 9.56971544e+09
5.56865200e+00 9.50896322e+09
5.58465100e+00 9.44840541e+09
5.60065000e+00 9.38804436e+09
5.61664900e+00 9.32788234e+09
5.63264800e+00 9.26792160e+09
5.64864700e+00 9.20816428e+09
5.66464600e+00 9.14861252e+09
5.68064500e+00 9.08926836e+09
5.69664400e+00 9.03013382e+09
5.71264300e+00 8.97121083e+09
5.72864200e+00 8.91250129e+09
5.74464100e+00 8.85400706e+09
5.76064000e+00 8.79572991e+09
5.77663900e+00 8.73767159e+09
5.79263800e+00 8.67983379e+09
5.80863700e+00 8.62221814e+09
5.82463600e+00 8.56482624e+09
5.84063500e+00 8.50765962e+09
5.85663400e+00 8.45101132e+09
5.87263300e+00 8.39429772e+09
5.88863200e+00 8.33781373e+09
5.90463100e+00 8.28156071e+09
5.92063000e+00 8.22553996e+09
5.93662900e+00 8.16975273e+09
5.95262800e+00 8.11418761e+09
5.96862700e+00 8.05887106e+09
5.98462600e+00 8.00379155e+09
6.00062500e+00 7.94895017e+09
6.01662400e+00 7.89434797e+09
6.03262300e+00 7.83998594e+09
6.04862200e+00 7.78587907e+09
6.06462100e+00 7.73200021e+09
6.08062000e+00 7.67836428e+09
6.09661900e+00 7.62497212e+09
6.11261800e+00 7.57182454e+09
6.12861700e+00 7.51892231e+09
6.14461600e+00 7.46626614e+09
6.16061500e+00 7.41385673e+09
6.17661400e+00 7.36169473e+09
6.19261300e+00 7.30978076e+09
6.20861200e+00 7.25811539e+09
6.22461100e+00 7.20669919e+09
6.24061000e+00 7.15553266e+09
6.25660900e+00 7.10461627e+09
6.27260800e+00 7.05395048e+09
6.28860700e+00 7.00353570e+09
6.30460600e+00 6.95337043e+09
6.32060500e+00 6.90345878e+09
6.33660400e+00 6.85379918e+09
6.35260300e+00 6.80439193e+09
6.36860200e+00 6.75523728e+09
6.38460100e+00 6.70633545e+09
6.40060000e+00 6.65768664e+09
6.41659900e+00 6.60929103e+09
6.43259800e+00 6.56114875e+09
6.44859700e+00 6.51325992e+09
6.46459600e+00 6.46562462e+09
6.48059500e+00 6.41824291e+09
6.49659400e+00 6.37111483e+09
6.51259300e+00 6.32424037e+09
6.52859200e+00 6.27761952e+09
6.54459100e+00 6.23125224e+09
6.56059000e+00 6.18513846e+09
6.57658900e+00 6.13927807e+09
6.59258800e+00 6.09367098e+09
6.60858700e+00 6.04831703e+09
6.62458600e+00 6.00321607e+09
6.64058500e+00 5.95836790e+09
6.65658400e+00 5.91377232e+09
6.67258300e+00 5.86942910e+09
6.68858200e+00 5.82533799e+09
6.70458100e+00 5.78149872e+09
6.72058000e+00 5.73791099e+09
6.73657900e+00 5.69457449e+09
6.75257800e+00 5.65148890e+09
6.76857700e+00 5.60865385e+09
6.78457600e+00 5.56606898e+09
6.80057500e+00 5.52373391e+09
6.81657400e+00 5.48164821e+09
6.83257300e+00 5.43981148e+09
6.84857200e+00 5.39822325e+09
6.86457100e+00 5.35688309e+09
6.88057000e+00 5.31579050e+09
6.89656900e+00 5.27494500e+09
6.91256800e+00 5.23434607e+09
6.92856700e+00 5.19399320e+09
6.94456600e+00 5.15388584e+09
6.96056500e+00 5.11402344e+09
6.97656400e+00 5.07440542e+09
6.99256300e+00 5.03503121e+09
7.00856200e+00 4.99590020e+09
7.02456100e+00 4.95701178e+09
7.04056000e+00 4.91836533e+09
7.05655900e+00 4.87996021e+09
7.07255800e+00 4.84179576e+09
7.08855700e+00 4.80387132e+09
7.10455600e+00 4.76618622e+09
7.12055500e+00 4.72873976e+09
7.13655400e+00 4.69153125e+09
7.15255300e+00 4.65455997e+09
7.16855200e+00 4.61782520e+09
7.18455100e+00 4.58132621e+09
7.20055000e+00 4.54506224e+09
7.21654900e+00 4.50903256e+09
7.23254800e+00 4.47323639e+09
7.24854700e+00 4.43767296e+09
7.26454600e+00 4.40234148e+09
7.28054500e+00 4.36724116e+09
7.29654400e+00 4.33237120e+09
7.31254300e+00 4.29773078e+09
7.32854200e+00 4.26331910e+09
7.34454100e+00 4.22913531e+09
7.36054000e+00 4.19517859e+09
7.37653900e+00 4.16144809e+09
7.39253800e+00 4.12794296e+09
7.40853700e+00 4.09466234e+09
7.42453600e+00 4.06160536e+09
7.44053500e+00 4.02877115e+09
7.45653400e+00 3.99615884e+09
7.47253300e+00 3.96376753e+09
7.48853200e+00 3.93159634e+09
7.50453100e+00 3.89976384e+09
7.52053000e+00 3.86802912e+09
7.53652900e+00 3.83651182e+09
7.55252800e+00 3.80521101e+09
7.56852700e+00 3.77412577e+09
7.58452600e+00 3.74325519e+09
7.60052500e+00 3.71259832e+09
7.61652400e+00 3.68215424e+09
7.63252300e+00 3.65192201e+09
7.64852200e+00 3.62190067e+09
7.66452100e+00 3.59208929e+09
7.68052000e+00 3.56248692e+09
7.69651900e+00 3.53309259e+09
7.71251800e+00 3.50390535e+09
7.72851700e+00 3.47492423e+09
7.74451600e+00 3.44614827e+09
7.76051500e+00 3.41757651e+09
7.77651400e+00 3.38920797e+09
7.79251300e+00 3.36104167e+09
7.80851200e+00 3.33307664e+09
7.82451100e+00 3.30531190e+09
7.84051000e+00 3.27774646e+09
7.85650900e+00 3.25037935e+09
7.87250800e+00 3.22320958e+09
7.88850700e+00 3.19623616e+09
7.90450600e+00 3.16945809e+09
7.92050500e+00 3.14287440e+09
7.93650400e+00 3.11648408e+09
7.95250300e+00 3.09028614e+09
7.96850200e+00 3.06427959e+09
7.98450100e+00 3.03846343e+09
8.00050000e+00 3.01283666e+09
8.01649900e+00 2.98739829e+09
8.03249800e+00 2.96214731e+09
8.04849700e+00 2.93708273e+09
8.06449600e+00 2.91220355e+09
8.08049500e+00 2.88750877e+09
8.09649400e+00 2.86299738e+09
8.11249300e+00 2.83866839e+09
8.12849200e+00 2.81452080e+09
8.14449100e+00 2.79055360e+09
8.16049000e+00 2.76676580e+09
8.17648900e+00 2.74315640e+09
8.19248800e+00 2.71972439e+09
8.20848700e+00 2.69646877e+09
8.22448600e+00 2.67338856e+09
8.24048500e+00 2.65048275e+09
8.25648400e+00 2.62775034e+09
8.27248300e+00 2.60519034e+09
8.28848200e+00 2.58280176e+09
8.30448100e+00 2.56058359e+09
8.32048000e+00 2.53853486e+09
8.33647900e+00 2.51665456e+09
8.35247800e+00 2.49494170e+09
8.36847700e+00 2.47339530e+09
8.38447600e+00 2.45201437e+09
8.40047500e+00 2.43079793e+09
8.41647400e+00 2.40974498e+09
8.43247300e+00 2.38885455e+09
8.44847200e+00 2.36812566e+09
8.46447100e+00 2.34755733e+09
8.48047000e+00 2.32714858e+09
8.49646900e+00 2.30689843e+09
8.51246800e+00 2.28680592e+09
8.52846700e+00 2.26687007e+09
8.54446600e+00 2.24708991e+09
8.56046500e+00 2.22746449e+09
8.57646400e+00 2.20799337e+09
8.59246300e+00 2.18867451e+09
8.60846200e+00 2.16950749e+09
8.62446100e+00 2.15049136e+09
8.64046000e+00 2.13162516e+09
8.65645900e+00 2.11290795e+09
8.67245800e+00 2.09433877e+09
8.68845700e+00 2.07591667e+09
8.70445600e+00 2.05764072e+09
8.72045500e+00 2.03950997e+09
8.73645400e+00 2.02152349e+09
8.75245300e+00 2.00368034e+09
8.76845200e+00 1.98597959e+09
8.78445100e+00 1.96842030e+09
8.80045000e+00 1.95100157e+09
8.81644900e+00 1.93372245e+09
8.83244800e+00 1.91658204e+09
8.84844700e+00 1.89957941e+09
8.86444600e+00 1.88271365e+09
8.88044500e+00 1.86598386e+09
8.89644400e+00 1.84938912e+09
8.91244300e+00 1.83292853e+09
8.92844200e+00 1.81660120e+09
8.94444100e+00 1.80040622e+09
8.96044000e+00 1.78434270e+09
8.97643900e+00 1.76840975e+09
8.99243800e+00 1.75260649e+09
9.00843700e+00 1.73693203e+09
9.02443600e+00 1.72138550e+09
9.04043500e+00 1.70596601e+09
9.05643400e+00 1.69067269e+09
9.07243300e+00 1.67550468e+09
9.08843200e+00 1.66046111e+09
9.10443100e+00 1.64554112e+09
9.12043000e+00 1.63074385e+09
9.13642900e+00 1.61606845e+09
9.15242800e+00 1.60151406e+09
9.16842700e+00 1.58707984e+09
9.18442600e+00 1.57276495e+09
9.20042500e+00 1.55856855e+09
9.21642400e+00 1.54448980e+09
9.23242300e+00 1.53052787e+09
9.24842200e+00 1.51668193e+09
9.26442100e+00 1.50295116e+09
9.28042000e+00 1.48933474e+09
9.29641900e+00 1.47583185e+09
9.31241800e+00 1.46244168e+09
9.32841700e+00 1.44916343e+09
9.34441600e+00 1.43599628e+09
9.36041500e+00 1.42293944e+09
9.37641400e+00 1.40999210e+09
9.39241300e+00 1.39715349e+09
9.40841200e+00 1.38442280e+09
9.42441100e+00 1.37179925e+09
9.44041000e+00 1.35928207e+09
9.45640900e+00 1.34687047e+09
9.47240800e+00 1.33456369e+09
9.48840700e+00 1.32236094e+09
9.50440600e+00 1.31026148e+09
9.52040500e+00 1.29826453e+09
9.53640400e+00 1.28636935e+09
9.55240300e+00 1.27457606e+09
9.56840200e+00 1.26288213e+09
9.58440100e+00 1.25128771e+09
9.60040000e+00 1.23979207e+09
9.61639900e+00 1.22839446e+09
9.63239800e+00 1.21709295e+09
9.64839700e+00 1.20588923e+09
9.66439600e+00 1.19478135e+09
9.68039500e+00 1.18376861e+09
9.69639400e+00 1.17285027e+09
9.71239300e+00 1.16202564e+09
9.72839200e+00 1.15129399e+09
9.74439100e+00 1.14065462e+09
9.76039000e+00 1.13010684e+09
9.77638900e+00 1.11964995e+09
9.79238800e+00 1.10928325e+09
9.80838700e+00 1.09900606e+09
9.82438600e+00 1.08881769e+09
9.84038500e+00 1.07871745e+09
9.85638400e+00 1.06870468e+09
9.87238300e+00 1.05877870e+09
9.88838200e+00 1.04893884e+09
9.90438100e+00 1.03918444e+09
9.92038000e+00 1.02951483e+09
9.93637900e+00 1.01992936e+09
9.95237800e+00 1.01042738e+09
9.96837700e+00 1.00100823e+09
9.98437600e+00 9.91671273e+08
1.00003750e+01 9.82415869e+08
1.00163740e+01 9.73241378e+08
1.00323730e+01 9.64147167e+08
1.00483720e+01 9.55132606e+08
1.00643710e+01 9.46197072e+08
1.00803700e+01 9.37339941e+08
1.00963690e+01 9.28560596e+08
1.01123680e+01 9.19858424e+08
1.01283670e+01 9.11232815e+08
1.01443660e+01 9.02686231e+08
1.01603650e+01 8.94211915e+08
1.01763640e+01 8.85812355e+08
1.01923630e+01 8.77486956e+08
1.02083620e+01 8.69235129e+08
1.02243610e+01 8.61056286e+08
1.02403600e+01 8.52949844e+08
1.02563590e+01 8.44915224e+08
1.02723580e+01 8.36951850e+08
1.02883570e+01 8.29059151e+08
1.03043560e+01 8.21236558e+08
1.03203550e+01 8.13483508e+08
1.03363540e+01 8.05799439e+08
1.03523530e+01 7.98183795e+08
1.03683520e+01 7.90636022e+08
1.03843510e+01 7.83155573e+08
1.04003500e+01 7.75741899e+08
1.04163490e+01 7.68394461e+08
1.04323480e+01 7.61112718e+08
1.04483470e+01 7.53896136e+08
1.04643460e+01 7.46744185e+08
1.04803450e+01 7.39656401e+08
1.04963440e+01 7.32632130e+08
1.05123430e+01 7.25670917e+08
1.05283420e+01 7.18772246e+08
1.05443410e+01 7.11935602e+08
1.05603400e+01 7.05160476e+08
1.05763390e+01 6.98446362e+08
1.05923380e+01 6.91792758e+08
1.06083370e+01 6.85199164e+08
1.06243360e+01 6.78665083e+08
1.06403350e+01 6.72190025e+08
1.06563340e+01 6.65773500e+08
1.06723330e+01 6.58802618e+08
1.06883320e+01 6.52506973e+08
1.07043310e+01 6.46268375e+08
1.07203300e+01 6.40086349e+08
1.07363290e+01 6.33960423e+08
1.07523280e+01 6.27890129e+08
1.07683270e+01 6.21875003e+08
1.07843260e+01 6.15914583e+08
1.08003250e+01 6.10008410e+08
1.08163240e+01 6.04156030e+08
1.08323230e+01 5.98356991e+08
1.08483220e+01 5.92610844e+08
1.08643210e+01 5.86917145e+08
1.08803200e+01 5.81275452e+08
1.08963190e+01 5.75685325e+08
1.09123180e+01 5.70146330e+08
1.09283170e+01 5.64658033e+08
1.09443160e+01 5.59220007e+08
1.09603150e+01 5.53831824e+08
1.09763140e+01 5.48493062e+08
1.09923130e+01 5.43203302e+08
1.10083120e+01 5.37962126e+08
1.10243110e+01 5.32769121e+08
1.10403100e+01 5.27623877e+08
1.10563090e+01 5.22525986e+08
1.10723080e+01 5.17475044e+08
1.10883070e+01 5.12470649e+08
1.11043060e+01 5.07512403e+08
1.11203050e+01 5.02599910e+08
1.11363040e+01 4.97732779e+08
1.11523030e+01 4.92910619e+08
1.11683020e+01 4.88133045e+08
1.11843010e+01 4.83399672e+08
1.12003000e+01 4.78710121e+08
1.12162990e+01 4.74064012e+08
1.12322980e+01 4.69460971e+08
1.12482970e+01 4.64900627e+08
1.12642960e+01 4.60382610e+08
1.12802950e+01 4.55906553e+08
1.12962940e+01 4.51472093e+08
1.13122930e+01 4.47078869e+08
1.13282920e+01 4.42726524e+08
1.13442910e+01 4.38414701e+08
1.13602900e+01 4.34143048e+08
1.13762890e+01 4.29911216e+08
1.13922880e+01 4.25718858e+08
1.14082870e+01 4.21565628e+08
1.14242860e+01 4.17451186e+08
1.14402850e+01 4.13375193e+08
1.14562840e+01 4.09337311e+08
1.14722830e+01 4.05337207e+08
1.14882820e+01 4.01374550e+08
1.15042810e+01 3.97449012e+08
1.15202800e+01 3.93560266e+08
1.15362790e+01 3.89707989e+08
1.15522780e+01 3.85891861e+08
1.15682770e+01 3.82111562e+08
1.15842760e+01 3.78366777e+08
1.16002750e+01 3.74657193e+08
1.16162740e+01 3.70982499e+08
1.16322730e+01 3.67342387e+08
1.16482720e+01 3.63736550e+08
1.16642710e+01 3.60164685e+08
1.16802700e+01 3.56626491e+08
1.16962690e+01 3.53121670e+08
1.17122680e+01 3.49649926e+08
1.17282670e+01 3.46210963e+08
1.17442660e+01 3.42804492e+08
1.17602650e+01 3.39430223e+08
1.17762640e+01 3.36087868e+08
1.17922630e+01 3.32777144e+08
1.18082620e+01 3.29497768e+08
1.18242610e+01 3.26249460e+08
1.18402600e+01 3.23031944e+08
1.18562590e+01 3.19844942e+08
1.18722580e+01 3.16688183e+08
1.18882570e+01 3.13561394e+08
1.19042560e+01 3.10464308e+08
1.19202550e+01 3.07396658e+08
1.19362540e+01 3.04358180e+08
1.19522530e+01 3.01348611e+08
1.19682520e+01 2.98367691e+08
1.19842510e+01 2.95415163e+08
1.20002500e+01 2.92490771e+08
1.20162490e+01 2.89594260e+08
1.20322480e+01 2.86725380e+08
1.20482470e+01 2.83883880e+08
1.20642460e+01 2.81069514e+08
1.20802450e+01 2.78282036e+08
1.20962440e+01 2.75521203e+08
1.21122430e+01 2.72786772e+08
1.21282420e+01 2.70078506e+08
1.21442410e+01 2.67396167e+08
1.21602400e+01 2.64739518e+08
1.21762390e+01 2.62108327e+08
1.21922380e+01 2.59762815e+08
1.22082370e+01 2.57179426e+08
1.22242360e+01 2.54620827e+08
1.22402350e+01 2.52086792e+08
1.22562340e+01 2.49577291e+08
1.22722330e+01 2.47091713e+08
1.22882320e+01 2.44630032e+08
1.23042310e+01 2.42192031e+08
1.23202300e+01 2.39777494e+08
1.23362290e+01 2.37386204e+08
1.23522280e+01 2.35017950e+08
1.23682270e+01 2.32672520e+08
1.23842260e+01 2.30349706e+08
1.24002250e+01 2.28049299e+08
1.24162240e+01 2.25771093e+08
1.24322230e+01 2.23514886e+08
1.24482220e+01 2.21280474e+08
1.24642210e+01 2.19067657e+08
1.24802200e+01 2.16876236e+08
1.24962190e+01 2.14706013e+08
1.25122180e+01 2.12556795e+08
1.25282170e+01 2.10428386e+08
1.25442160e+01 2.08320595e+08
1.25602150e+01 2.06233231e+08
1.25762140e+01 2.04166105e+08
1.25922130e+01 2.02119030e+08
1.26082120e+01 2.00091821e+08
1.26242110e+01 1.98084293e+08
1.26402100e+01 1.96096264e+08
1.26562090e+01 1.94127553e+08
1.26722080e+01 1.92177981e+08
1.26882070e+01 1.90247370e+08
1.27042060e+01 1.88335545e+08
1.27202050e+01 1.86442329e+08
1.27362040e+01 1.84567550e+08
1.27522030e+01 1.82711037e+08
1.27682020e+01 1.80872619e+08
1.27842010e+01 1.79052128e+08
1.28002000e+01 1.77249396e+08
1.28161990e+01 1.75464258e+08
1.28321980e+01 1.73696548e+08
1.28481970e+01 1.71946106e+08
1.28641960e+01 1.70212768e+08
1.28801950e+01 1.68496375e+08
1.28961940e+01 1.66796769e+08
1.29121930e+01 1.65113791e+08
1.29281920e+01 1.63447287e+08
1.29441910e+01 1.61797101e+08
1.29601900e+01 1.60163080e+08
1.29761890e+01 1.58545074e+08
1.29921880e+01 1.56942931e+08
1.30081870e+01 1.55356501e+08
1.30241860e+01 1.53785639e+08
1.30401850e+01 1.52230195e+08
1.30561840e+01 1.50690027e+08
1.30721830e+01 1.49164989e+08
1.30881820e+01 1.47654939e+08
1.31041810e+01 1.46159736e+08
1.31201800e+01 1.44679239e+08
1.31361790e+01 1.43213310e+08
1.31521780e+01 1.41761811e+08
1.31681770e+01 1.40324605e+08
1.31841760e+01 1.38901557e+08
1.32001750e+01 1.37492534e+08
1.32161740e+01 1.36097402e+08
1.32321730e+01 1.34716030e+08
1.32481720e+01 1.33348288e+08
1.32641710e+01 1.31994045e+08
1.32801700e+01 1.30653174e+08
1.32961690e+01 1.29325549e+08
1.33121680e+01 1.28011042e+08
1.33281670e+01 1.26709530e+08
1.33441660e+01 1.25420888e+08
1.33601650e+01 1.24144995e+08
1.33761640e+01 1.22881728e+08
1.33921630e+01 1.21631182e+08
1.34081620e+01 1.20392809e+08
1.34241610e+01 1.19166704e+08
1.34401600e+01 1.17952751e+08
1.34561590e+01 1.16750835e+08
1.34721580e+01 1.15560840e+08
1.34881570e+01 1.14382652e+08
1.35041560e+01 1.13216159e+08
1.35201550e+01 1.12061273e+08
1.35361540e+01 1.10917834e+08
1.35521530e+01 1.09785756e+08
1.35681520e+01 1.08664931e+08
1.35841510e+01 1.07555251e+08
1.36001500e+01 1.06456609e+08
1.36161490e+01 1.05368900e+08
1.36321480e+01 1.04291967e+08
1.36481470e+01 1.03225809e+08
1.36641460e+01 1.02170271e+08
1.36801450e+01 1.01125251e+08
1.36961440e+01 1.00090648e+08
1.37121430e+01 9.90663622e+07
1.37281420e+01 9.80522934e+07
1.37441410e+01 9.70483436e+07
1.37601400e+01 9.60544153e+07
1.37761390e+01 9.50704117e+07
1.37921380e+01 9.42304474e+07
1.38081370e+01 9.32646757e+07
1.38241360e+01 9.23085568e+07
1.38401350e+01 9.13619975e+07
1.38561340e+01 9.04249054e+07
1.38721330e+01 8.94971891e+07
1.38881320e+01 8.85787577e+07
1.39041310e+01 8.76695215e+07
1.39201300e+01 8.67693915e+07
1.39361290e+01 8.58782793e+07
1.39521280e+01 8.49960977e+07
1.39681270e+01 8.41227600e+07
1.39841260e+01 8.32581805e+07
1.40001250e+01 8.24022742e+07
1.40161240e+01 8.15549569e+07
1.40321230e+01 8.07161451e+07
1.40481220e+01 7.98857562e+07
1.40641210e+01 7.90637083e+07
1.40801200e+01 7.82499203e+07
1.40961190e+01 7.74443118e+07
1.41121180e+01 7.66468033e+07
1.41281170e+01 7.58573158e+07
1.41441160e+01 7.50757711e+07
1.41601150e+01 7.43020919e+07
1.41761140e+01 7.35362015e+07
1.41921130e+01 7.27780238e+07
1.42081120e+01 7.20274837e+07
1.42241110e+01 7.12845065e+07
1.42401100e+01 7.05490183e+07
1.42561090e+01 6.98209460e+07
1.42721080e+01 6.91002171e+07
1.42881070e+01 6.83867597e+07
1.43041060e+01 6.76805027e+07
1.43201050e+01 6.69813757e+07
1.43361040e+01 6.62893087e+07
1.43521030e+01 6.56042327e+07
1.43681020e+01 6.49260791e+07
1.43841010e+01 6.42547800e+07
1.44001000e+01 6.35902683e+07
1.44160990e+01 6.29324772e+07
1.44320980e+01 6.22813409e+07
1.44480970e+01 6.16367939e+07
1.44640960e+01 6.09987715e+07
1.44800950e+01 6.03672097e+07
1.44960940e+01 5.97420448e+07
1.45120930e+01 5.91232140e+07
1.45280920e+01 5.85106549e+07
1.45440910e+01 5.79043058e+07
1.45600900e+01 5.73041055e+07
1.45760890e+01 5.67099934e+07
1.45920880e+01 5.61219096e+07
1.46080870e+01 5.55397945e+07
1.46240860e+01 5.49635894e+07
1.46400850e+01 5.43932358e+07
1.46560840e+01 5.38286761e+07
1.46720830e+01 5.32698530e+07
1.46880820e+01 5.27167098e+07
1.47040810e+01 5.21691905e+07
1.47200800e+01 5.16272393e+07
1.47360790e+01 5.10908013e+07
1.47520780e+01 5.05598219e+07
1.47680770e+01 5.00342470e+07
1.47840760e+01 4.95140232e+07
1.48000750e+01 4.89990974e+07
1.48160740e+01 4.84894171e+07
1.48320730e+01 4.79849304e+07
1.48480720e+01 4.74855857e+07
1.48640710e+01 4.69913320e+07
1.48800700e+01 4.65021189e+07
1.48960690e+01 4.60178962e+07
1.49120680e+01 4.55386144e+07
1.49280670e+01 4.50642245e+07
1.49440660e+01 4.45946777e+07
1.49600650e+01 4.41299260e+07
1.49760640e+01 4.36699216e+07
1.49920630e+01 4.32146174e+07
1.50080620e+01 4.27639666e+07
1.50240610e+01 4.23179227e+07
1.50400600e+01 4.18764400e+07
1.50560590e+01 4.14394730e+07
1.50720580e+01 4.10069767e+07
1.50880570e+01 4.05789065e+07
1.51040560e+01 4.01552183e+07
1.51200550e+01 3.97358683e+07
1.51360540e+01 3.93208133e+07
1.51520530e+01 3.89100103e+07
1.51680520e+01 3.85034170e+07
1.51840510e+01 3.81009911e+07
1.52000500e+01 3.77026912e+07
1.52160490e+01 3.73084759e+07
1.52320480e+01 3.69183044e+07
1.52480470e+01 3.65321363e+07
1.52640460e+01 3.61499314e+07
1.52800450e+01 3.57716501e+07
1.52960440e+01 3.53972531e+07
1.53120430e+01 3.50267014e+07
1.53280420e+01 3.46599567e+07
1.53440410e+01 3.42969806e+07
1.53600400e+01 3.39377354e+07
1.53760390e+01 3.35821836e+07
1.53920380e+01 3.32302883e+07
1.54080370e+01 3.28820126e+07
1.54240360e+01 3.25373203e+07
1.54400350e+01 3.21961754e+07
1.54560340e+01 3.18585422e+07
1.54720330e+01 3.15243853e+07
1.54880320e+01 3.11936700e+07
1.55040310e+01 3.08663615e+07
1.55200300e+01 3.05424256e+07
1.55360290e+01 3.02218283e+07
1.55520280e+01 2.99045360e+07
1.55680270e+01 2.95905155e+07
1.55840260e+01 2.92797338e+07
1.56000250e+01 2.89721582e+07
1.56160240e+01 2.86677564e+07
1.56320230e+01 2.83664965e+07
1.56480220e+01 2.80683467e+07
1.56640210e+01 2.77326500e+07
1.56800200e+01 2.74410474e+07
1.56960190e+01 2.71524575e+07
1.57120180e+01 2.68668499e+07
1.57280170e+01 2.65841944e+07
1.57440160e+01 2.63044613e+07
1.57600150e+01 2.60276209e+07
1.57760140e+01 2.57536440e+07
1.57920130e+01 2.54825016e+07
1.58080120e+01 2.52141651e+07
1.58240110e+01 2.49486061e+07
1.58400100e+01 2.46857964e+07
1.58560090e+01 2.44257083e+07
1.58720080e+01 2.41683140e+07
1.58880070e+01 2.39135865e+07
1.59040060e+01 2.36614985e+07
1.59200050e+01 2.34120234e+07
1.59360040e+01 2.31651346e+07
1.59520030e+01 2.29208059e+07
1.59680020e+01 2.26790114e+07
1.59840010e+01 2.24397253e+07
