# 2026-05-16 | 21:53:31 | Calculation performed with SolarAxionFlux v1.1; g_agamma = 5.000000e-11 GeV^-1, g_ae = 1.000000e-13.
# Spectral flux over full solar volume.
# Columns: energy values [keV] | axion flux [cm^-2 s^-1 keV^-1]
1.00000000e-03 4.45291477e+00
1.69990000e-02 1.79127721e+04
3.29980000e-02 1.19292063e+05
4.89970000e-02 2.84256881e+06
6.49960000e-02 1.67543956e+07
8.09950000e-02 4.89235112e+07
9.69940000e-02 1.00437669e+08
1.12993000e-01 1.68830639e+08
1.28992000e-01 2.48495994e+08
1.44991000e-01 3.35339117e+08
1.60990000e-01 4.26217196e+08
1.76989000e-01 5.17128194e+08
1.92988000e-01 6.06039488e+08
2.08987000e-01 6.93114672e+08
2.24986000e-01 7.76746361e+08
2.40985000e-01 8.58127238e+08
2.56984000e-01 9.37804998e+08
2.72983000e-01 1.01346068e+09
2.88982000e-01 1.08627864e+09
3.04981000e-01 1.15781636e+09
3.20980000e-01 1.22520326e+09
3.36979000e-01 1.29049213e+09
3.52978000e-01 1.35294040e+09
3.68977000e-01 1.42992008e+09
3.84976000e-01 1.48340960e+09
4.00975000e-01 1.53751697e+09
4.16974000e-01 1.58868608e+09
4.32973000e-01 1.63784815e+09
4.48972000e-01 1.68330391e+09
4.64971000e-01 1.72783308e+09
4.80970000e-01 1.77136623e+09
4.96969000e-01 1.81609763e+09
5.12968000e-01 1.86039757e+09
5.28967000e-01 1.89550428e+09
5.44966000e-01 1.93425671e+09
5.60965000e-01 1.97811955e+09
5.76964000e-01 2.01657394e+09
5.92963000e-01 2.02098935e+09
6.08962000e-01 2.03606492e+09
6.24961000e-01 2.05636767e+09
6.40960000e-01 2.13992094e+09
6.56959000e-01 2.33655026e+09
6.72958000e-01 2.26903285e+09
6.88957000e-01 2.24376207e+09
7.04956000e-01 2.26550008e+09
7.20955000e-01 2.28656649e+09
7.36954000e-01 2.33449257e+09
7.52953000e-01 2.35028877e+09
7.68952000e-01 2.36265680e+09
7.84951000e-01 2.37064574e+09
8.00950000e-01 2.37667148e+09
8.16949000e-01 2.38383581e+09
8.32948000e-01 2.39137706e+09
8.48947000e-01 2.40287865e+09
8.64946000e-01 2.42315475e+09
8.80945000e-01 2.44729894e+09
8.96944000e-01 2.50054745e+09
9.12943000e-01 2.61462387e+09
9.28942000e-01 2.62237789e+09
9.44941000e-01 2.61755083e+09
9.60940000e-01 2.67182623e+09
9.76939000e-01 2.72165567e+09
9.92938000e-01 2.83666472e+09
1.00893700e+00 2.90943061e+09
1.02493600e+00 3.09532392e+09
1.04093500e+00 2.95626126e+09
1.05693400e+00 2.93231639e+09
1.07293300e+00 2.71702060e+09
1.08893200e+00 2.62226959e+09
1.10493100e+00 2.58276416e+09
1.12093000e+00 2.48918191e+09
1.13692900e+00 2.42959444e+09
1.15292800e+00 2.40604339e+09
1.16892700e+00 2.37815055e+09
1.18492600e+00 2.36674892e+09
1.20092500e+00 2.36519163e+09
1.21692400e+00 2.35492603e+09
1.23292300e+00 2.35925916e+09
1.24892200e+00 2.32871093e+09
1.26492100e+00 2.31656842e+09
1.28092000e+00 2.31280412e+09
1.29691900e+00 2.31666585e+09
1.31291800e+00 2.35029010e+09
1.32891700e+00 2.50438758e+09
1.34491600e+00 2.79132705e+09
1.36091500e+00 2.45415960e+09
1.37691400e+00 2.27663972e+09
1.39291300e+00 2.21251512e+09
1.40891200e+00 2.24189128e+09
1.42491100e+00 2.16047677e+09
1.44091000e+00 2.19558255e+09
1.45690900e+00 2.22619194e+09
1.47290800e+00 2.41303134e+09
1.48890700e+00 2.17184840e+09
1.50490600e+00 2.09167176e+09
1.52090500e+00 2.04838514e+09
1.53690400e+00 2.02352423e+09
1.55290300e+00 2.01095987e+09
1.56890200e+00 2.01978207e+09
1.58490100e+00 2.02775612e+09
1.60090000e+00 2.01183329e+09
1.61689900e+00 1.93918367e+09
1.63289800e+00 1.91007021e+09
1.64889700e+00 1.89805184e+09
1.66489600e+00 1.87240226e+09
1.68089500e+00 1.85912573e+09
1.69689400e+00 1.83687905e+09
1.71289300e+00 1.83423762e+09
1.72889200e+00 1.84311997e+09
1.74489100e+00 1.82575724e+09
1.76089000e+00 1.81152987e+09
1.77688900e+00 1.81203164e+09
1.79288800e+00 1.84032965e+09
1.80888700e+00 1.89033962e+09
1.82488600e+00 2.04642281e+09
1.84088500e+00 2.64406315e+09
1.85688400e+00 3.59598278e+09
1.87288300e+00 2.26731525e+09
1.88888200e+00 1.85776561e+09
1.90488100e+00 1.72445242e+09
1.92088000e+00 1.65039760e+09
1.93687900e+00 1.60600576e+09
1.95287800e+00 1.59833464e+09
1.96887700e+00 1.59963995e+09
1.98487600e+00 1.60911770e+09
2.00087500e+00 3.23690946e+09
2.01687400e+00 1.57476638e+09
2.03287300e+00 1.52054084e+09
2.04887200e+00 1.46809955e+09
2.06487100e+00 1.42657244e+09
2.08087000e+00 1.40575021e+09
2.09686900e+00 1.39157664e+09
2.11286800e+00 1.38138101e+09
2.12886700e+00 1.37536735e+09
2.14486600e+00 1.36743477e+09
2.16086500e+00 1.36625389e+09
2.17686400e+00 1.37484437e+09
2.19286300e+00 1.33635295e+09
2.20886200e+00 1.30662454e+09
2.22486100e+00 1.28584485e+09
2.24086000e+00 1.26926852e+09
2.25685900e+00 1.25340922e+09
2.27285800e+00 1.23877630e+09
2.28885700e+00 1.22520744e+09
2.30485600e+00 1.21340406e+09
2.32085500e+00 1.20389320e+09
2.33685400e+00 1.19767936e+09
2.35285300e+00 1.19940347e+09
2.36885200e+00 1.19921608e+09
2.38485100e+00 1.22446923e+09
2.40085000e+00 1.24138831e+09
2.41684900e+00 1.33006255e+09
2.43284800e+00 1.71786248e+09
2.44884700e+00 2.16287846e+09
2.46484600e+00 1.46689793e+09
2.48084500e+00 1.20682278e+09
2.49684400e+00 1.11324350e+09
2.51284300e+00 1.06020455e+09
2.52884200e+00 1.02431170e+09
2.54484100e+00 9.98448065e+08
2.56084000e+00 9.77840726e+08
2.57683900e+00 9.63594811e+08
2.59283800e+00 9.50523841e+08
2.60883700e+00 9.81673316e+08
2.62483600e+00 9.22617985e+08
2.64083500e+00 9.00447780e+08
2.65683400e+00 8.79275871e+08
2.67283300e+00 8.60597818e+08
2.68883200e+00 8.43831879e+08
2.70483100e+00 8.29408834e+08
2.72083000e+00 8.17152096e+08
2.73682900e+00 8.06243207e+08
2.75282800e+00 7.96455552e+08
2.76882700e+00 7.87465473e+08
2.78482600e+00 7.79705508e+08
2.80082500e+00 7.73456789e+08
2.81682400e+00 7.69209598e+08
2.83282300e+00 7.64764178e+08
2.84882200e+00 7.58933000e+08
2.86482100e+00 7.61342315e+08
2.88082000e+00 7.55849914e+08
2.89681900e+00 7.30109209e+08
2.91281800e+00 7.12531499e+08
2.92881700e+00 6.99538646e+08
2.94481600e+00 6.88699723e+08
2.96081500e+00 6.78681954e+08
2.97681400e+00 6.69233762e+08
2.99281300e+00 6.60405698e+08
3.00881200e+00 6.52540320e+08
3.02481100e+00 6.45722990e+08
3.04081000e+00 6.40777663e+08
3.05680900e+00 6.37607442e+08
3.07280800e+00 6.32043818e+08
3.08880700e+00 6.32254375e+08
3.10480600e+00 6.66911927e+08
3.12080500e+00 7.22497191e+08
3.13680400e+00 6.46468374e+08
3.15280300e+00 5.92832439e+08
3.16880200e+00 5.68561175e+08
3.18480100e+00 5.52122474e+08
3.20080000e+00 5.39125387e+08
3.21679900e+00 5.27590966e+08
3.23279800e+00 5.17180927e+08
3.24879700e+00 5.07688084e+08
3.26479600e+00 4.98681554e+08
3.28079500e+00 4.90323424e+08
3.29679400e+00 4.82151506e+08
3.31279300e+00 4.74458186e+08
3.32879200e+00 4.65645466e+08
3.34479100e+00 4.57265464e+08
3.36079000e+00 4.49150705e+08
3.37678900e+00 4.41204228e+08
3.39278800e+00 4.33640886e+08
3.40878700e+00 4.26397151e+08
3.42478600e+00 4.19382286e+08
3.44078500e+00 4.12565691e+08
3.45678400e+00 4.05949132e+08
3.47278300e+00 3.99447990e+08
3.48878200e+00 3.93304192e+08
3.50478100e+00 3.87198742e+08
3.52078000e+00 3.81302094e+08
3.53677900e+00 3.75623144e+08
3.55277800e+00 3.70099143e+08
3.56877700e+00 3.64704632e+08
3.58477600e+00 3.59416733e+08
3.60077500e+00 3.54527308e+08
3.61677400e+00 3.50012425e+08
3.63277300e+00 3.45175640e+08
3.64877200e+00 3.40662745e+08
3.66477100e+00 3.37498295e+08
3.68077000e+00 3.31580945e+08
3.69676900e+00 3.25004376e+08
3.71276800e+00 3.19338873e+08
3.72876700e+00 3.14433597e+08
3.74476600e+00 3.10100626e+08
3.76076500e+00 3.06463326e+08
3.77676400e+00 3.03738158e+08
3.79276300e+00 3.02095232e+08
3.80876200e+00 3.02184630e+08
3.82476100e+00 2.98593403e+08
3.84076000e+00 2.96337434e+08
3.85675900e+00 3.01917209e+08
3.87275800e+00 3.38980439e+08
3.88875700e+00 3.22345784e+08
3.90475600e+00 2.85691556e+08
3.92075500e+00 2.71638590e+08
3.93675400e+00 2.62241325e+08
3.95275300e+00 2.55042555e+08
3.96875200e+00 2.48995357e+08
3.98475100e+00 2.43711934e+08
4.00075000e+00 2.38890355e+08
4.01674900e+00 2.34339871e+08
4.03274800e+00 2.29994392e+08
4.04874700e+00 2.25933800e+08
4.06474600e+00 2.22032715e+08
4.08074500e+00 2.20953757e+08
4.09674400e+00 2.14571837e+08
4.11274300e+00 2.10911368e+08
4.12874200e+00 2.07317636e+08
4.14474100e+00 2.03800388e+08
4.16074000e+00 2.00382605e+08
4.17673900e+00 1.97068934e+08
4.19273800e+00 1.93841172e+08
4.20873700e+00 1.90679509e+08
4.22473600e+00 1.87593880e+08
4.24073500e+00 1.84550583e+08
4.25673400e+00 1.81594573e+08
4.27273300e+00 1.78768368e+08
4.28873200e+00 1.75974628e+08
4.30473100e+00 1.73231052e+08
4.32073000e+00 1.70568930e+08
4.33672900e+00 1.67963779e+08
4.35272800e+00 1.65458801e+08
4.36872700e+00 1.63007737e+08
4.38472600e+00 1.60606806e+08
4.40072500e+00 1.58252192e+08
4.41672400e+00 1.55982080e+08
4.43272300e+00 1.53759617e+08
4.44872200e+00 1.51550322e+08
4.46472100e+00 1.49340048e+08
4.48072000e+00 1.47209479e+08
4.49671900e+00 1.45319244e+08
4.51271800e+00 1.43565275e+08
4.52871700e+00 1.41508957e+08
4.54471600e+00 1.39660623e+08
4.56071500e+00 1.38187963e+08
4.57671400e+00 1.35488391e+08
4.59271300e+00 1.32735767e+08
4.60871200e+00 1.30313507e+08
4.62471100e+00 1.28088717e+08
4.64071000e+00 1.25989715e+08
4.65670900e+00 1.23981674e+08
4.67270800e+00 1.22049690e+08
4.68870700e+00 1.20171779e+08
4.70470600e+00 1.18349562e+08
4.72070500e+00 1.16541423e+08
4.73670400e+00 1.14761948e+08
4.75270300e+00 1.12998894e+08
4.76870200e+00 1.11280664e+08
4.78470100e+00 1.09594901e+08
4.80070000e+00 1.07917622e+08
4.81669900e+00 1.06219731e+08
4.83269800e+00 1.04543317e+08
4.84869700e+00 1.02904350e+08
4.86469600e+00 1.01289507e+08
4.88069500e+00 9.97034357e+07
4.89669400e+00 9.81369012e+07
4.91269300e+00 9.65867074e+07
4.92869200e+00 9.50660276e+07
4.94469100e+00 9.35856756e+07
4.96069000e+00 9.21259230e+07
4.97668900e+00 9.06880252e+07
4.99268800e+00 8.92962697e+07
5.00868700e+00 8.79179897e+07
5.02468600e+00 8.65613365e+07
5.04068500e+00 8.51975049e+07
5.05668400e+00 8.38847759e+07
5.07268300e+00 8.25837904e+07
5.08868200e+00 8.13151360e+07
5.10468100e+00 8.00624808e+07
5.12068000e+00 7.88301846e+07
5.13667900e+00 7.76234789e+07
5.15267800e+00 7.64275179e+07
5.16867700e+00 7.52537433e+07
5.18467600e+00 7.41043495e+07
5.20067500e+00 7.29749025e+07
5.21667400e+00 7.18699189e+07
5.23267300e+00 7.07849242e+07
5.24867200e+00 6.97094804e+07
5.26467100e+00 6.86653380e+07
5.28067000e+00 6.76246620e+07
5.29666900e+00 6.66103206e+07
5.31266800e+00 6.56081683e+07
5.32866700e+00 6.46204931e+07
5.34466600e+00 6.36527163e+07
5.36066500e+00 6.27043217e+07
5.37666400e+00 6.17718824e+07
5.39266300e+00 6.08571925e+07
5.40866200e+00 5.99665160e+07
5.42466100e+00 5.91049063e+07
5.44066000e+00 5.82367958e+07
5.45665900e+00 5.73981578e+07
5.47265800e+00 5.65964721e+07
5.48865700e+00 5.58281572e+07
5.50465600e+00 5.51245660e+07
5.52065500e+00 5.44643372e+07
5.53665400e+00 5.39529181e+07
5.55265300e+00 5.35300842e+07
5.56865200e+00 5.34361820e+07
5.58465100e+00 5.26880592e+07
5.60065000e+00 5.11429561e+07
5.61664900e+00 5.02649589e+07
5.63264800e+00 4.99349633e+07
5.64864700e+00 5.05413855e+07
5.66464600e+00 4.87089220e+07
5.68064500e+00 4.75281547e+07
5.69664400e+00 4.65652258e+07
5.71264300e+00 4.57052073e+07
5.72864200e+00 4.49381438e+07
5.74464100e+00 4.43045972e+07
5.76064000e+00 4.56786278e+07
5.77663900e+00 4.29885415e+07
5.79263800e+00 4.22462850e+07
5.80863700e+00 4.16080117e+07
5.82463600e+00 4.10078661e+07
5.84063500e+00 4.04232935e+07
5.85663400e+00 3.98561072e+07
5.87263300e+00 3.93217602e+07
5.88863200e+00 3.87886570e+07
5.90463100e+00 3.82717445e+07
5.92063000e+00 3.77695372e+07
5.93662900e+00 3.72806006e+07
5.95262800e+00 3.68126293e+07
5.96862700e+00 3.63627610e+07
5.98462600e+00 3.59424957e+07
6.00062500e+00 3.55626278e+07
6.01662400e+00 3.52057199e+07
6.03262300e+00 3.49306963e+07
6.04862200e+00 3.46190348e+07
6.06462100e+00 3.44674911e+07
6.08062000e+00 3.40614793e+07
6.09661900e+00 3.35078861e+07
6.11261800e+00 3.30940905e+07
6.12861700e+00 3.28198805e+07
6.14461600e+00 3.29505550e+07
6.16061500e+00 3.21870898e+07
6.17661400e+00 3.16296413e+07
6.19261300e+00 3.13933978e+07
6.20861200e+00 3.09171969e+07
6.22461100e+00 3.04859528e+07
6.24061000e+00 3.02020550e+07
6.25660900e+00 2.99687955e+07
6.27260800e+00 2.97825274e+07
6.28860700e+00 2.96463975e+07
6.30460600e+00 2.95478722e+07
6.32060500e+00 2.95114289e+07
6.33660400e+00 2.95388660e+07
6.35260300e+00 2.96555666e+07
6.36860200e+00 2.98144497e+07
6.38460100e+00 3.00984299e+07
6.40060000e+00 3.05451931e+07
6.41659900e+00 3.12284903e+07
6.43259800e+00 3.19835113e+07
6.44859700e+00 3.30778337e+07
6.46459600e+00 3.47390170e+07
6.48059500e+00 3.70935558e+07
6.49659400e+00 4.04251779e+07
6.51259300e+00 4.55918316e+07
6.52859200e+00 5.11500544e+07
6.54459100e+00 6.18530161e+07
6.56059000e+00 6.90946779e+07
6.57658900e+00 8.21007595e+07
6.59258800e+00 8.80543239e+07
6.60858700e+00 7.58562994e+07
6.62458600e+00 7.24939213e+07
6.64058500e+00 1.13344599e+08
6.65658400e+00 8.98456092e+07
6.67258300e+00 8.94033552e+07
6.68858200e+00 6.14767143e+07
6.70458100e+00 4.89866034e+07
6.72058000e+00 4.11770856e+07
6.73657900e+00 3.54024395e+07
6.75257800e+00 3.14123065e+07
6.76857700e+00 2.84874440e+07
6.78457600e+00 2.62793429e+07
6.80057500e+00 2.45336706e+07
6.81657400e+00 2.31097203e+07
6.83257300e+00 2.19346535e+07
6.84857200e+00 2.09534802e+07
6.86457100e+00 2.01150339e+07
6.88057000e+00 1.93941528e+07
6.89656900e+00 1.88465993e+07
6.91256800e+00 1.81946865e+07
6.92856700e+00 1.76896598e+07
6.94456600e+00 1.72295363e+07
6.96056500e+00 1.68122673e+07
6.97656400e+00 1.64217077e+07
6.99256300e+00 1.60570812e+07
7.00856200e+00 1.57154341e+07
7.02456100e+00 1.53963844e+07
7.04056000e+00 1.50943121e+07
7.05655900e+00 1.48127737e+07
7.07255800e+00 1.45452114e+07
7.08855700e+00 1.42896386e+07
7.10455600e+00 1.40437514e+07
7.12055500e+00 1.38075286e+07
7.13655400e+00 1.35841348e+07
7.15255300e+00 1.33719293e+07
7.16855200e+00 1.31728506e+07
7.18455100e+00 1.29822129e+07
7.20055000e+00 1.27993494e+07
7.21654900e+00 1.26218933e+07
7.23254800e+00 1.24584047e+07
7.24854700e+00 1.23044516e+07
7.26454600e+00 1.21581324e+07
7.28054500e+00 1.20212030e+07
7.29654400e+00 1.18998204e+07
7.31254300e+00 1.17889563e+07
7.32854200e+00 1.16857523e+07
7.34454100e+00 1.15999848e+07
7.36054000e+00 1.15279069e+07
7.37653900e+00 1.14780275e+07
7.39253800e+00 1.14482473e+07
7.40853700e+00 1.14515346e+07
7.42453600e+00 1.14756483e+07
7.44053500e+00 1.15130190e+07
7.45653400e+00 1.15720425e+07
7.47253300e+00 1.16729878e+07
7.48853200e+00 1.18420482e+07
7.50453100e+00 1.20489754e+07
7.52053000e+00 1.22422171e+07
7.53652900e+00 1.24121314e+07
7.55252800e+00 1.26170121e+07
7.56852700e+00 1.29268302e+07
7.58452600e+00 1.32957447e+07
7.60052500e+00 1.37196321e+07
7.61652400e+00 1.39113603e+07
7.63252300e+00 1.41187952e+07
7.64852200e+00 1.42904174e+07
7.66452100e+00 1.44441267e+07
7.68052000e+00 1.48143390e+07
7.69651900e+00 1.45397540e+07
7.71251800e+00 1.39079951e+07
7.72851700e+00 1.33894552e+07
7.74451600e+00 1.33136011e+07
7.76051500e+00 1.29605812e+07
7.77651400e+00 1.28142423e+07
7.79251300e+00 1.24201032e+07
7.80851200e+00 1.21755146e+07
7.82451100e+00 1.16602559e+07
7.84051000e+00 1.10477639e+07
7.85650900e+00 1.06879832e+07
7.87250800e+00 1.03375150e+07
7.88850700e+00 9.92424808e+06
7.90450600e+00 9.55786231e+06
7.92050500e+00 9.26961803e+06
7.93650400e+00 9.04167018e+06
7.95250300e+00 8.85579862e+06
7.96850200e+00 8.70357566e+06
7.98450100e+00 8.57744641e+06
8.00050000e+00 8.46963651e+06
8.01649900e+00 8.37281690e+06
8.03249800e+00 8.28333165e+06
8.04849700e+00 8.19754420e+06
8.06449600e+00 8.11358910e+06
8.08049500e+00 8.03066873e+06
8.09649400e+00 7.95387578e+06
8.11249300e+00 7.87869953e+06
8.12849200e+00 7.80434217e+06
8.14449100e+00 7.73072225e+06
8.16049000e+00 7.65371534e+06
8.17648900e+00 7.57261308e+06
8.19248800e+00 7.49038447e+06
8.20848700e+00 7.40868245e+06
8.22448600e+00 7.32652993e+06
8.24048500e+00 7.23867164e+06
8.25648400e+00 7.14705711e+06
8.27248300e+00 7.05244777e+06
8.28848200e+00 6.95592741e+06
8.30448100e+00 6.85781087e+06
8.32048000e+00 6.76109470e+06
8.33647900e+00 6.66468913e+06
8.35247800e+00 6.56759990e+06
8.36847700e+00 6.47134785e+06
8.38447600e+00 6.37674242e+06
8.40047500e+00 6.28371558e+06
8.41647400e+00 6.19223117e+06
8.43247300e+00 6.10150880e+06
8.44847200e+00 6.01132710e+06
8.46447100e+00 5.92259758e+06
8.48047000e+00 5.83457754e+06
8.49646900e+00 5.74844528e+06
8.51246800e+00 5.66396527e+06
8.52846700e+00 5.58069265e+06
8.54446600e+00 5.49928127e+06
8.56046500e+00 5.42041757e+06
8.57646400e+00 5.34177108e+06
8.59246300e+00 5.26460736e+06
8.60846200e+00 5.19004239e+06
8.62446100e+00 5.11729523e+06
8.64046000e+00 5.04086473e+06
8.65645900e+00 4.97171028e+06
8.67245800e+00 4.90448230e+06
8.68845700e+00 4.83829469e+06
8.70445600e+00 4.77583431e+06
8.72045500e+00 4.71223942e+06
8.73645400e+00 4.64977930e+06
8.75245300e+00 4.59006982e+06
8.76845200e+00 4.53221637e+06
8.78445100e+00 4.47552306e+06
8.80045000e+00 4.41761947e+06
8.81644900e+00 4.35995973e+06
8.83244800e+00 4.30363130e+06
8.84844700e+00 4.24952358e+06
8.86444600e+00 4.19723301e+06
8.88044500e+00 4.14442740e+06
8.89644400e+00 4.08873651e+06
8.91244300e+00 4.03031013e+06
8.92844200e+00 3.97314888e+06
8.94444100e+00 3.91828244e+06
8.96044000e+00 3.86553977e+06
8.97643900e+00 3.81197481e+06
8.99243800e+00 3.75530833e+06
9.00843700e+00 3.69777310e+06
9.02443600e+00 3.63916967e+06
9.04043500e+00 3.58240145e+06
9.05643400e+00 3.52932613e+06
9.07243300e+00 3.48034600e+06
9.08843200e+00 3.43321303e+06
9.10443100e+00 3.38610632e+06
9.12043000e+00 3.33577610e+06
9.13642900e+00 3.28368218e+06
9.15242800e+00 3.23578391e+06
9.16842700e+00 3.18972777e+06
9.18442600e+00 3.14273540e+06
9.20042500e+00 3.09627536e+06
9.21642400e+00 3.05133069e+06
9.23242300e+00 3.00747676e+06
9.24842200e+00 2.96561053e+06
9.26442100e+00 2.92471368e+06
9.28042000e+00 2.88393811e+06
9.29641900e+00 2.84467929e+06
9.31241800e+00 2.80596781e+06
9.32841700e+00 2.76821648e+06
9.34441600e+00 2.73083072e+06
9.36041500e+00 2.69410798e+06
9.37641400e+00 2.65790799e+06
9.39241300e+00 2.62174552e+06
9.40841200e+00 2.58622087e+06
9.42441100e+00 2.55127946e+06
9.44041000e+00 2.51656821e+06
9.45640900e+00 2.48243153e+06
9.47240800e+00 2.44871759e+06
9.48840700e+00 2.41556830e+06
9.50440600e+00 2.38286169e+06
9.52040500e+00 2.35011672e+06
9.53640400e+00 2.31832471e+06
9.55240300e+00 2.28686058e+06
9.56840200e+00 2.25549725e+06
9.58440100e+00 2.22501478e+06
9.60040000e+00 2.19438357e+06
9.61639900e+00 2.16445682e+06
9.63239800e+00 2.13467030e+06
9.64839700e+00 2.10538102e+06
9.66439600e+00 2.07638857e+06
9.68039500e+00 2.04797502e+06
9.69639400e+00 2.01609023e+06
9.71239300e+00 1.98886034e+06
9.72839200e+00 1.96155515e+06
9.74439100e+00 1.93464554e+06
9.76039000e+00 1.90802203e+06
9.77638900e+00 1.88210868e+06
9.79238800e+00 1.85643231e+06
9.80838700e+00 1.83100257e+06
9.82438600e+00 1.80606441e+06
9.84038500e+00 1.78129764e+06
9.85638400e+00 1.75705281e+06
9.87238300e+00 1.73315730e+06
9.88838200e+00 1.70929767e+06
9.90438100e+00 1.68598256e+06
9.92038000e+00 1.66304059e+06
9.93637900e+00 1.64017335e+06
9.95237800e+00 1.61782221e+06
9.96837700e+00 1.59595114e+06
9.98437600e+00 1.57437474e+06
1.00003750e+01 1.55264878e+06
1.00163740e+01 1.53146703e+06
1.00323730e+01 1.51074262e+06
1.00483720e+01 1.48995324e+06
1.00643710e+01 1.46967735e+06
1.00803700e+01 1.44969218e+06
1.00963690e+01 1.42996714e+06
1.01123680e+01 1.41064215e+06
1.01283670e+01 1.39138014e+06
1.01443660e+01 1.37247509e+06
1.01603650e+01 1.35397885e+06
1.01763640e+01 1.33560613e+06
1.01923630e+01 1.31756377e+06
1.02083620e+01 1.29965956e+06
1.02243610e+01 1.28217553e+06
1.02403600e+01 1.26485318e+06
1.02563590e+01 1.24776338e+06
1.02723580e+01 1.23081881e+06
1.02883570e+01 1.21422966e+06
1.03043560e+01 1.19790159e+06
1.03203550e+01 1.18174081e+06
1.03363540e+01 1.16583356e+06
1.03523530e+01 1.15015350e+06
1.03683520e+01 1.13447938e+06
1.03843510e+01 1.11922445e+06
1.04003500e+01 1.10420479e+06
1.04163490e+01 1.08940122e+06
1.04323480e+01 1.07478014e+06
1.04483470e+01 1.06034548e+06
1.04643460e+01 1.04600993e+06
1.04803450e+01 1.03196865e+06
1.04963440e+01 1.01819376e+06
1.05123430e+01 1.00461844e+06
1.05283420e+01 9.91161809e+05
1.05443410e+01 9.77880674e+05
1.05603400e+01 9.64729459e+05
1.05763390e+01 9.51825611e+05
1.05923380e+01 9.39191821e+05
1.06083370e+01 9.26677024e+05
1.06243360e+01 9.14298500e+05
1.06403350e+01 9.02066047e+05
1.06563340e+01 8.90073113e+05
1.06723330e+01 8.78220462e+05
1.06883320e+01 8.66513281e+05
1.07043310e+01 8.54961108e+05
1.07203300e+01 8.43552437e+05
1.07363290e+01 8.32371659e+05
1.07523280e+01 8.21329424e+05
1.07683270e+01 8.10430800e+05
1.07843260e+01 7.99514591e+05
1.08003250e+01 7.88897499e+05
1.08163240e+01 7.78458441e+05
1.08323230e+01 7.68168065e+05
1.08483220e+01 7.58028681e+05
1.08643210e+01 7.47980884e+05
1.08803200e+01 7.34242334e+05
1.08963190e+01 7.24532897e+05
1.09123180e+01 7.14953756e+05
1.09283170e+01 7.05464538e+05
1.09443160e+01 6.96151314e+05
1.09603150e+01 6.87020567e+05
1.09763140e+01 6.77963280e+05
1.09923130e+01 6.68905530e+05
1.10083120e+01 6.60139888e+05
1.10243110e+01 6.51474648e+05
1.10403100e+01 6.42966973e+05
1.10563090e+01 6.34458500e+05
1.10723080e+01 6.26050092e+05
1.10883070e+01 6.17881021e+05
1.11043060e+01 6.09811666e+05
1.11203050e+01 6.01819024e+05
1.11363040e+01 5.93909017e+05
1.11523030e+01 5.86091084e+05
1.11683020e+01 5.78287334e+05
1.11843010e+01 5.70732377e+05
1.12003000e+01 5.63300855e+05
1.12162990e+01 5.55917066e+05
1.12322980e+01 5.48593706e+05
1.12482970e+01 5.41449802e+05
1.12642960e+01 5.34406350e+05
1.12802950e+01 5.27338316e+05
1.12962940e+01 5.20399215e+05
1.13122930e+01 5.13593982e+05
1.13282920e+01 5.06800300e+05
1.13442910e+01 5.00162553e+05
1.13602900e+01 4.93679416e+05
1.13762890e+01 4.87233361e+05
1.13922880e+01 4.80843230e+05
1.14082870e+01 4.74618941e+05
1.14242860e+01 4.68407516e+05
1.14402850e+01 4.62246846e+05
1.14562840e+01 4.56189485e+05
1.14722830e+01 4.50292272e+05
1.14882820e+01 4.44404518e+05
1.15042810e+01 4.38543815e+05
1.15202800e+01 4.32816025e+05
1.15362790e+01 4.27138188e+05
1.15522780e+01 4.21536693e+05
1.15682770e+01 4.16068854e+05
1.15842760e+01 4.10662962e+05
1.16002750e+01 4.05265398e+05
1.16162740e+01 3.99966484e+05
1.16322730e+01 3.94741208e+05
1.16482720e+01 3.89589610e+05
1.16642710e+01 3.84572290e+05
1.16802700e+01 3.79591437e+05
1.16962690e+01 3.74658511e+05
1.17122680e+01 3.69789423e+05
1.17282670e+01 3.65007133e+05
1.17442660e+01 3.60225004e+05
1.17602650e+01 3.55539405e+05
1.17762640e+01 3.50920688e+05
1.17922630e+01 3.46344603e+05
1.18082620e+01 3.41855087e+05
1.18242610e+01 3.37420945e+05
1.18402600e+01 3.33032988e+05
1.18562590e+01 3.28719960e+05
1.18722580e+01 3.24454836e+05
1.18882570e+01 3.20248300e+05
1.19042560e+01 3.16145119e+05
1.19202550e+01 3.12048734e+05
1.19362540e+01 3.07990925e+05
1.19522530e+01 3.04015252e+05
1.19682520e+01 3.00085964e+05
1.19842510e+01 2.96200314e+05
1.20002500e+01 2.92380513e+05
1.20162490e+01 2.88591092e+05
1.20322480e+01 2.84852950e+05
1.20482470e+01 2.81181878e+05
1.20642460e+01 2.77559680e+05
1.20802450e+01 2.73991561e+05
1.20962440e+01 2.70445413e+05
1.21122430e+01 2.66934461e+05
1.21282420e+01 2.63488028e+05
1.21442410e+01 2.60098957e+05
1.21602400e+01 2.56770001e+05
1.21762390e+01 2.53472808e+05
1.21922380e+01 2.50207797e+05
1.22082370e+01 2.43642923e+05
1.22242360e+01 2.40571920e+05
1.22402350e+01 2.37511359e+05
1.22562340e+01 2.34479449e+05
1.22722330e+01 2.31484121e+05
1.22882320e+01 2.28515082e+05
1.23042310e+01 2.25585064e+05
1.23202300e+01 2.22701822e+05
1.23362290e+01 2.19877889e+05
1.23522280e+01 2.17079538e+05
1.23682270e+01 2.14304082e+05
1.23842260e+01 2.11569711e+05
1.24002250e+01 2.08875366e+05
1.24162240e+01 2.06219292e+05
1.24322230e+01 2.03592902e+05
1.24482220e+01 2.01009841e+05
1.24642210e+01 1.98474868e+05
1.24802200e+01 1.95964299e+05
1.24962190e+01 1.93469043e+05
1.25122180e+01 1.91004749e+05
1.25282170e+01 1.88570575e+05
1.25442160e+01 1.86166591e+05
1.25602150e+01 1.83791682e+05
1.25762140e+01 1.81446162e+05
1.25922130e+01 1.79133654e+05
1.26082120e+01 1.76852424e+05
1.26242110e+01 1.74597780e+05
1.26402100e+01 1.72371439e+05
1.26562090e+01 1.70180404e+05
1.26722080e+01 1.68021981e+05
1.26882070e+01 1.65887207e+05
1.27042060e+01 1.63778176e+05
1.27202050e+01 1.61695044e+05
1.27362040e+01 1.59639966e+05
1.27522030e+01 1.57615140e+05
1.27682020e+01 1.55614316e+05
1.27842010e+01 1.53635704e+05
1.28002000e+01 1.51684188e+05
1.28161990e+01 1.49756215e+05
1.28321980e+01 1.47855341e+05
1.28481970e+01 1.45983322e+05
1.28641960e+01 1.44138686e+05
1.28801950e+01 1.42315596e+05
1.28961940e+01 1.40513178e+05
1.29121930e+01 1.38732586e+05
1.29281920e+01 1.36974950e+05
1.29441910e+01 1.35240296e+05
1.29601900e+01 1.33527843e+05
1.29761890e+01 1.31838011e+05
1.29921880e+01 1.30172942e+05
1.30081870e+01 1.28530534e+05
1.30241860e+01 1.26909226e+05
1.30401850e+01 1.25307645e+05
1.30561840e+01 1.23726775e+05
1.30721830e+01 1.22165358e+05
1.30881820e+01 1.20627199e+05
1.31041810e+01 1.19109490e+05
1.31201800e+01 1.17611245e+05
1.31361790e+01 1.16122894e+05
1.31521780e+01 1.14650029e+05
1.31681770e+01 1.13192958e+05
1.31841760e+01 1.11761825e+05
1.32001750e+01 1.10353305e+05
1.32161740e+01 1.08958778e+05
1.32321730e+01 1.07582955e+05
1.32481720e+01 1.06212079e+05
1.32641710e+01 1.04872354e+05
1.32801700e+01 1.03550253e+05
1.32961690e+01 1.02238351e+05
1.33121680e+01 1.00940607e+05
1.33281670e+01 9.96592528e+04
1.33441660e+01 9.83999398e+04
1.33601650e+01 9.71611498e+04
1.33761640e+01 9.59377142e+04
1.33921630e+01 9.47261457e+04
1.34081620e+01 9.35298912e+04
1.34241610e+01 9.23514428e+04
1.34401600e+01 9.11920711e+04
1.34561590e+01 9.00494402e+04
1.34721580e+01 8.89254770e+04
1.34881570e+01 8.78174513e+04
1.35041560e+01 8.67013737e+04
1.35201550e+01 8.56104162e+04
1.35361540e+01 8.45356939e+04
1.35521530e+01 8.34739654e+04
1.35681520e+01 8.24255546e+04
1.35841510e+01 8.13897072e+04
1.36001500e+01 8.03704530e+04
1.36161490e+01 7.93642236e+04
1.36321480e+01 7.83706155e+04
1.36481470e+01 7.73990509e+04
1.36641460e+01 7.64292637e+04
1.36801450e+01 7.54710733e+04
1.36961440e+01 7.19668146e+04
1.37121430e+01 7.10753608e+04
1.37281420e+01 7.01919537e+04
1.37441410e+01 6.93159629e+04
1.37601400e+01 6.84532627e+04
1.37761390e+01 6.76086555e+04
1.37921380e+01 6.67781342e+04
1.38081370e+01 6.59574365e+04
1.38241360e+01 6.51464543e+04
1.38401350e+01 6.43417950e+04
1.38561340e+01 6.35441464e+04
1.38721330e+01 6.27579900e+04
1.38881320e+01 6.19875911e+04
1.39041310e+01 6.12241533e+04
1.39201300e+01 6.04732793e+04
1.39361290e+01 5.97287894e+04
1.39521280e+01 5.89927107e+04
1.39681270e+01 5.82679886e+04
1.39841260e+01 5.75532763e+04
1.40001250e+01 5.68460519e+04
1.40161240e+01 5.61459067e+04
1.40321230e+01 5.54539665e+04
1.40481220e+01 5.47688422e+04
1.40641210e+01 5.40911127e+04
1.40801200e+01 5.34225166e+04
1.40961190e+01 5.27636380e+04
1.41121180e+01 5.21127879e+04
1.41281170e+01 5.14680577e+04
1.41441160e+01 5.08225464e+04
1.41601150e+01 5.01836948e+04
1.41761140e+01 4.95560003e+04
1.41921130e+01 4.89407391e+04
1.42081120e+01 4.83346779e+04
1.42241110e+01 4.77362012e+04
1.42401100e+01 4.71448255e+04
1.42561090e+01 4.65599296e+04
1.42721080e+01 4.59835516e+04
1.42881070e+01 4.54164148e+04
1.43041060e+01 4.48580987e+04
1.43201050e+01 4.43054977e+04
1.43361040e+01 4.37588171e+04
1.43521030e+01 4.32252117e+04
1.43681020e+01 4.26935193e+04
1.43841010e+01 4.21699136e+04
1.44001000e+01 4.16518237e+04
1.44160990e+01 4.11402551e+04
1.44320980e+01 4.06334677e+04
1.44480970e+01 4.01322456e+04
1.44640960e+01 3.96364046e+04
1.44800950e+01 3.91480806e+04
1.44960940e+01 3.86660740e+04
1.45120930e+01 3.81914543e+04
1.45280920e+01 3.77217757e+04
1.45440910e+01 3.72574764e+04
1.45600900e+01 3.67985369e+04
1.45760890e+01 3.63474649e+04
1.45920880e+01 3.59025845e+04
1.46080870e+01 3.54635227e+04
1.46240860e+01 3.50291771e+04
1.46400850e+01 3.45985325e+04
1.46560840e+01 3.41729735e+04
1.46720830e+01 3.37526365e+04
1.46880820e+01 3.33375568e+04
1.47040810e+01 3.29273280e+04
1.47200800e+01 3.25221969e+04
1.47360790e+01 3.21223407e+04
1.47520780e+01 3.17274520e+04
1.47680770e+01 3.13379963e+04
1.47840760e+01 3.09534650e+04
1.48000750e+01 3.05733183e+04
1.48160740e+01 3.01975503e+04
1.48320730e+01 2.98259695e+04
1.48480720e+01 2.94594392e+04
1.48640710e+01 2.90974214e+04
1.48800700e+01 2.87400450e+04
1.48960690e+01 2.83872458e+04
1.49120680e+01 2.80387203e+04
1.49280670e+01 2.76942533e+04
1.49440660e+01 2.73542034e+04
1.49600650e+01 2.70183892e+04
1.49760640e+01 2.66864494e+04
1.49920630e+01 2.63585708e+04
1.50080620e+01 2.60346271e+04
1.50240610e+01 2.57145462e+04
1.50400600e+01 2.53987914e+04
1.50560590e+01 2.50869460e+04
1.50720580e+01 2.47792184e+04
1.50880570e+01 2.44761791e+04
1.51040560e+01 2.41768193e+04
1.51200550e+01 2.38812723e+04
1.51360540e+01 2.35892026e+04
1.51520530e+01 2.33007719e+04
1.51680520e+01 2.30159308e+04
1.51840510e+01 2.27345722e+04
1.52000500e+01 2.24566252e+04
1.52160490e+01 2.21823720e+04
1.52320480e+01 2.19115104e+04
1.52480470e+01 2.16438340e+04
1.52640460e+01 2.13789677e+04
1.52800450e+01 2.11174435e+04
1.52960440e+01 2.08589515e+04
1.53120430e+01 2.06035566e+04
1.53280420e+01 2.03513559e+04
1.53440410e+01 2.01022647e+04
1.53600400e+01 1.98563786e+04
1.53760390e+01 1.79932907e+04
1.53920380e+01 1.77791103e+04
1.54080370e+01 1.75674874e+04
1.54240360e+01 1.73583819e+04
1.54400350e+01 1.71517488e+04
1.54560340e+01 1.69476285e+04
1.54720330e+01 1.67455547e+04
1.54880320e+01 1.65458184e+04
1.55040310e+01 1.63484683e+04
1.55200300e+01 1.61534345e+04
1.55360290e+01 1.59606346e+04
1.55520280e+01 1.57701038e+04
1.55680270e+01 1.55818246e+04
1.55840260e+01 1.53959959e+04
1.56000250e+01 1.52124165e+04
1.56160240e+01 1.50310439e+04
1.56320230e+01 1.48518311e+04
1.56480220e+01 1.46747265e+04
1.56640210e+01 1.44997238e+04
1.56800200e+01 1.43267976e+04
1.56960190e+01 1.41559047e+04
1.57120180e+01 1.39868140e+04
1.57280170e+01 1.38196537e+04
1.57440160e+01 1.36544596e+04
1.57600150e+01 1.34912469e+04
1.57760140e+01 1.33299993e+04
1.57920130e+01 1.31706516e+04
1.58080120e+01 1.30132356e+04
1.58240110e+01 1.28578022e+04
1.58400100e+01 1.27042870e+04
1.58560090e+01 1.25528117e+04
1.58720080e+01 1.24031192e+04
1.58880070e+01 1.22551900e+04
1.59040060e+01 1.21090040e+04
1.59200050e+01 1.19641191e+04
1.59360040e+01 1.18207741e+04
1.59520030e+01 1.16791021e+04
1.59680020e+01 1.15393047e+04
1.59840010e+01 1.14015948e+04
