# 2026-05-08 | 18:05:35 | Calculation performed with SolarAxionFlux v1.1; g_agamma = 1.000000e-10 GeV^-1, g_ae = 1.000000e-13.
# Spectral flux over full solar volume.
# Columns: energy values [keV] | axion flux [cm^-2 s^-1 keV^-1]
1.00000000e-03 4.77958709e+02
2.38557143e-02 4.38548188e+05
4.67114286e-02 3.96905330e+05
6.95671429e-02 1.90920754e+05
9.24228571e-02 7.32005964e+04
1.15278571e-01 2.50574911e+04
1.38134286e-01 8.02376378e+03
1.60990000e-01 2.46014800e+03
1.83845714e-01 7.31811861e+02
2.06701429e-01 2.12916786e+02
2.29557143e-01 6.09068874e+01
2.52412857e-01 1.71924154e+01
2.75268571e-01 4.80109612e+00
2.98124286e-01 1.32892949e+00
3.20980000e-01 3.65129457e-01
3.43835714e-01 9.96919663e-02
3.66691429e-01 2.70723080e-02
3.89547143e-01 7.31729486e-03
4.12402857e-01 1.96964302e-03
4.35258571e-01 5.28255491e-04
4.58114286e-01 1.41219195e-04
4.80970000e-01 3.76429158e-05
5.03825714e-01 1.00077731e-05
5.26681429e-01 2.65442302e-06
5.49537143e-01 7.02523852e-07
5.72392857e-01 1.85565547e-07
5.95248571e-01 4.89271231e-08
6.18104286e-01 1.28789477e-08
6.40960000e-01 3.38489040e-09
6.63815714e-01 8.88365034e-10
6.86671429e-01 2.32843850e-10
7.09527143e-01 6.09542377e-11
7.32382857e-01 1.59383842e-11
7.55238571e-01 4.16311074e-12
7.78094286e-01 1.08631046e-12
8.00950000e-01 2.83190511e-13
8.23805714e-01 7.37592130e-14
8.46661429e-01 1.91950273e-14
8.69517143e-01 4.99133007e-15
8.92372857e-01 1.29693296e-15
9.15228571e-01 3.36751525e-16
9.38084286e-01 8.73792338e-17
9.60940000e-01 2.26583427e-17
9.83795714e-01 5.87195699e-18
1.00665143e+00 1.52084518e-18
1.02950714e+00 3.93682657e-19
1.05236286e+00 1.01853892e-19
1.07521857e+00 2.63383914e-20
1.09807429e+00 6.80754739e-21
1.12093000e+00 1.75869627e-21
1.14378571e+00 4.54148754e-22
1.16664143e+00 1.17225041e-22
1.18949714e+00 3.02457974e-23
1.21235286e+00 7.80079775e-24
1.23520857e+00 2.01117051e-24
1.25806429e+00 5.18323444e-25
1.28092000e+00 1.33536732e-25
1.30377571e+00 3.43917354e-26
1.32663143e+00 8.85454255e-27
1.34948714e+00 2.27898683e-27
1.37234286e+00 5.86389049e-28
1.39519857e+00 1.50835198e-28
1.41805429e+00 3.87879294e-29
1.44091000e+00 9.97175449e-30
1.46376571e+00 2.56289892e-30
1.48662143e+00 6.58536652e-31
1.50947714e+00 1.69168883e-31
1.53233286e+00 4.34466595e-32
1.55518857e+00 1.11555465e-32
1.57804429e+00 2.86369583e-33
1.60090000e+00 7.34966259e-34
1.62375571e+00 1.88588481e-34
1.64661143e+00 4.83807747e-35
1.66946714e+00 1.24091751e-35
1.69232286e+00 3.18220296e-36
1.71517857e+00 8.15887054e-37
1.73803429e+00 2.09147006e-37
1.76089000e+00 5.36037106e-38
1.78374571e+00 1.37360452e-38
1.80660143e+00 3.51928316e-39
1.82945714e+00 9.01517703e-40
1.85231286e+00 2.30899872e-40
1.87516857e+00 5.91295093e-41
1.89802429e+00 1.51397153e-41
1.92088000e+00 3.87583816e-42
1.94373571e+00 9.92086706e-43
1.96659143e+00 2.53904980e-43
1.98944714e+00 6.49728430e-44
2.01230286e+00 1.66239033e-44
2.03515857e+00 4.25281005e-45
2.05801429e+00 1.08783278e-45
2.08087000e+00 2.78222819e-46
2.10372571e+00 7.11490389e-47
2.12658143e+00 1.81924927e-47
2.14943714e+00 4.65118289e-48
2.17229286e+00 1.18900527e-48
2.19514857e+00 3.03916569e-49
2.21800429e+00 7.76741056e-50
2.24086000e+00 1.98495399e-50
2.26371571e+00 5.07198446e-51
2.28657143e+00 1.29586459e-51
2.30942714e+00 3.31052212e-52
2.33228286e+00 8.45647614e-53
2.35513857e+00 2.15992809e-53
2.37799429e+00 5.51628805e-54
2.40085000e+00 1.40868268e-54
2.42370571e+00 3.59698651e-55
2.44656143e+00 9.18384640e-56
2.46941714e+00 2.34461389e-56
2.49227286e+00 5.98521433e-57
2.51512857e+00 1.52774349e-57
2.53798429e+00 3.89927828e-58
2.56084000e+00 9.95134410e-59
2.58369571e+00 2.53947321e-59
2.60655143e+00 6.47993341e-60
2.62940714e+00 1.65334348e-60
2.65226286e+00 4.21814852e-61
2.67511857e+00 1.07608722e-61
2.69797429e+00 2.74498819e-62
2.72083000e+00 7.00166682e-63
2.74368571e+00 1.78579212e-63
2.76654143e+00 4.55438134e-64
2.78939714e+00 1.16144173e-64
2.81225286e+00 2.96166212e-65
2.83510857e+00 7.55168970e-66
2.85796429e+00 1.92541248e-66
2.88082000e+00 4.90879521e-67
2.90367571e+00 1.25140530e-67
2.92653143e+00 3.19002038e-68
2.94938714e+00 8.13133304e-69
2.97224286e+00 2.07254176e-69
2.99509857e+00 5.28224445e-70
3.01795429e+00 1.34619437e-70
3.04081000e+00 3.43061129e-71
3.06366571e+00 8.74198602e-72
3.08652143e+00 2.22753191e-72
3.10937714e+00 5.67562067e-73
3.13223286e+00 1.44603483e-73
3.15508857e+00 3.68400711e-74
3.17794429e+00 9.38509840e-75
3.20080000e+00 2.39075021e-75
3.22365571e+00 6.08985435e-76
3.24651143e+00 1.55116239e-76
3.26936714e+00 3.95080504e-77
3.29222286e+00 1.00621831e-77
3.31507857e+00 2.56257993e-78
3.33793429e+00 6.52591647e-79
3.36079000e+00 1.66182304e-79
3.38364571e+00 4.23162823e-80
3.40650143e+00 1.07748188e-80
3.42935714e+00 2.74342101e-81
3.45221286e+00 6.98482019e-82
3.47506857e+00 1.77827346e-82
3.49792429e+00 4.52712689e-83
3.52078000e+00 1.15246527e-83
3.54363571e+00 2.93369073e-84
3.56649143e+00 7.46762259e-85
3.58934714e+00 1.90078142e-85
3.61220286e+00 4.83797941e-86
3.63505857e+00 1.23134032e-86
3.65791429e+00 3.13382444e-87
3.68077000e+00 7.97542651e-88
3.70362571e+00 2.02962631e-88
3.72648143e+00 5.16489351e-89
3.74933714e+00 1.31428634e-89
3.77219286e+00 3.34427629e-90
3.79504857e+00 8.50938245e-91
3.81790429e+00 2.16509956e-91
3.84076000e+00 5.50860749e-92
3.86361571e+00 1.40149032e-92
3.88647143e+00 3.56552005e-93
3.90932714e+00 9.07069054e-94
3.93218286e+00 2.30750519e-94
3.95503857e+00 5.86989144e-95
3.97789429e+00 1.49314736e-95
4.00075000e+00 3.79804989e-96
4.02360571e+00 9.66060258e-97
4.04646143e+00 2.45716031e-97
4.06931714e+00 6.24954864e-98
4.09217286e+00 1.58946094e-98
4.11502857e+00 4.04238123e-99
4.13788429e+00 1.02804242e-99
4.16074000e+00 2.61439564e-100
4.18359571e+00 6.64841685e-101
4.20645143e+00 1.69064326e-101
4.22930714e+00 4.29905165e-102
4.25216286e+00 1.09315171e-102
4.27501857e+00 2.77955610e-103
4.29787429e+00 7.06736979e-104
4.32073000e+00 1.79691565e-104
4.34358571e+00 4.56862174e-105
4.36644143e+00 1.16153013e-105
4.38929714e+00 2.95300139e-106
4.41215286e+00 7.50731858e-107
4.43500857e+00 1.90850889e-107
4.45786429e+00 4.85167610e-108
4.48072000e+00 1.23332576e-108
4.50357571e+00 3.13510661e-109
4.52643143e+00 7.96921333e-110
4.54928714e+00 2.02566365e-110
4.57214286e+00 5.14882431e-111
4.59499857e+00 1.30869300e-111
4.61785429e+00 3.32626286e-112
4.64071000e+00 8.45404470e-113
4.66356571e+00 2.14863085e-113
4.68642143e+00 5.46070199e-114
4.70927714e+00 1.38779286e-114
4.73213286e+00 3.52687792e-115
4.75498857e+00 8.96284559e-116
4.77784429e+00 2.27767213e-116
4.80070000e+00 5.78797181e-117
4.82355571e+00 1.47079318e-117
4.84641143e+00 3.73737697e-118
4.86926714e+00 9.49669288e-119
4.89212286e+00 2.41306025e-119
4.91497857e+00 6.13132464e-120
4.93783429e+00 1.55786895e-120
4.96069000e+00 3.95820322e-121
4.98354571e+00 1.00567092e-121
5.00640143e+00 2.55507955e-122
5.02925714e+00 6.49148071e-123
5.05211286e+00 1.64920261e-123
5.07496857e+00 4.18981872e-124
5.09782429e+00 1.06440649e-124
5.12068000e+00 2.70402646e-125
5.14353571e+00 6.86919081e-126
5.16639143e+00 1.74498429e-126
5.18924714e+00 4.43270512e-127
5.21210286e+00 1.12599799e-127
5.23495857e+00 2.86020996e-128
5.25781429e+00 7.26523751e-129
5.28067000e+00 1.84541223e-129
5.30352571e+00 4.68736446e-130
5.32638143e+00 1.19057256e-130
5.34923714e+00 3.02395210e-131
5.37209286e+00 7.68043652e-132
5.39494857e+00 1.95069302e-132
5.41780429e+00 4.95431999e-133
5.44066000e+00 1.25826275e-133
5.46351571e+00 3.19558854e-134
5.48637143e+00 8.11563799e-135
5.50922714e+00 2.06104198e-135
5.53208286e+00 5.23411706e-136
5.55493857e+00 1.32920667e-136
5.57779429e+00 3.37546912e-137
5.60065000e+00 8.57172793e-138
5.62350571e+00 2.17668350e-138
5.64636143e+00 5.52732402e-139
5.66921714e+00 1.40354827e-139
5.69207286e+00 3.56395841e-140
5.71492857e+00 9.04962968e-141
5.73778429e+00 2.29785146e-141
5.76064000e+00 5.83453316e-142
5.78349571e+00 1.48143755e-142
5.80635143e+00 3.76143632e-143
5.82920714e+00 9.55030545e-144
5.85206286e+00 2.42478953e-144
5.87491857e+00 6.15636166e-145
5.89777429e+00 1.56303083e-145
5.92063000e+00 3.96829873e-146
5.94348571e+00 1.00747579e-146
5.96634143e+00 2.55775165e-147
5.98919714e+00 6.49345262e-148
6.01205286e+00 1.64849098e-148
6.03490857e+00 4.18495814e-149
6.05776429e+00 1.06240316e-149
6.08062000e+00 2.69700240e-150
6.10347571e+00 6.84647613e-151
6.12633143e+00 1.73798770e-151
6.14918714e+00 4.41184435e-152
6.17204286e+00 1.11992152e-152
6.19489857e+00 2.84281745e-153
6.21775429e+00 7.21613035e-154
6.24061000e+00 1.83169782e-154
6.26346571e+00 4.64940514e-155
6.28632143e+00 1.18014427e-155
6.30917714e+00 2.99548400e-156
6.33203286e+00 7.60314264e-157
6.35488857e+00 1.92980553e-157
6.37774429e+00 4.89810703e-158
6.40060000e+00 1.24318955e-158
6.42345571e+00 3.15530126e-159
6.44631143e+00 8.00827074e-160
6.46916714e+00 2.03250274e-160
6.49202286e+00 5.15843603e-161
6.51487857e+00 1.30918045e-161
6.53773429e+00 3.32258094e-162
6.56059000e+00 8.43230406e-163
6.58344571e+00 2.13998936e-163
6.60630143e+00 5.43089840e-164
6.62915714e+00 1.37824518e-164
6.65201286e+00 3.49764774e-165
6.67486857e+00 8.87606487e-166
6.69772429e+00 2.25247364e-166
6.72058000e+00 5.71602150e-167
6.74343571e+00 1.45051729e-167
6.76629143e+00 3.68083986e-168
6.78914714e+00 9.34040970e-169
6.81200286e+00 2.37017248e-169
6.83485857e+00 6.01435467e-170
6.85771429e+00 1.52613590e-170
6.88057000e+00 3.87250961e-171
6.90342571e+00 9.82623071e-172
6.92628143e+00 2.49331182e-172
6.94913714e+00 6.32647004e-173
6.97199286e+00 1.60524589e-173
6.99484857e+00 4.07302391e-174
7.01770429e+00 1.03344571e-174
7.04056000e+00 2.62212697e-175
7.06341571e+00 6.65296353e-176
7.08627143e+00 1.68799817e-176
7.10912714e+00 4.28276491e-177
7.13198286e+00 1.08660566e-177
7.15483857e+00 2.75686300e-178
7.17769429e+00 6.99445574e-179
7.20055000e+00 1.77454991e-179
7.22340571e+00 4.50213061e-180
7.24626143e+00 1.14220372e-180
7.26911714e+00 2.89777514e-181
7.29197286e+00 7.35159302e-182
7.31482857e+00 1.86506478e-182
7.33768429e+00 4.73153549e-183
7.36054000e+00 1.20034483e-183
7.38339571e+00 3.04512918e-184
7.40625143e+00 7.72504843e-185
7.42910714e+00 1.95971322e-185
7.45196286e+00 4.97141117e-186
7.47481857e+00 1.26113831e-186
7.49767429e+00 3.19920191e-187
7.52053000e+00 8.11552288e-188
7.54338571e+00 2.05867273e-188
7.56624143e+00 5.22220709e-189
7.58909714e+00 1.32469796e-189
7.61195286e+00 3.36028153e-190
7.63480857e+00 8.52374619e-191
7.65766429e+00 2.16212811e-191
7.68052000e+00 5.48439127e-192
7.70337571e+00 1.39114230e-192
7.72623143e+00 3.52866816e-193
7.74908714e+00 8.95047831e-194
7.77194286e+00 2.27027181e-194
7.79479857e+00 5.75845100e-195
7.81765429e+00 1.46059472e-195
7.84051000e+00 3.70467425e-196
7.86336571e+00 9.39651050e-197
7.88622143e+00 2.38330418e-197
7.90907714e+00 6.04489365e-198
7.93193286e+00 1.53318370e-198
7.95478857e+00 3.88862516e-199
7.97764429e+00 9.86266656e-200
8.00050000e+00 2.50143385e-200
8.02335571e+00 6.34424747e-201
8.04621143e+00 1.60904300e-201
8.06906714e+00 4.08085958e-202
8.09192286e+00 1.03498042e-202
8.11477857e+00 2.62487798e-203
8.13763429e+00 6.65706240e-204
8.16049000e+00 1.68831189e-204
8.18334571e+00 4.28173014e-205
8.20620143e+00 0.00000000e+00
8.22905714e+00 0.00000000e+00
8.25191286e+00 0.00000000e+00
8.27476857e+00 0.00000000e+00
8.29762429e+00 0.00000000e+00
8.32048000e+00 0.00000000e+00
8.34333571e+00 0.00000000e+00
8.36619143e+00 0.00000000e+00
8.38904714e+00 0.00000000e+00
8.41190286e+00 0.00000000e+00
8.43475857e+00 0.00000000e+00
8.45761429e+00 0.00000000e+00
8.48047000e+00 0.00000000e+00
8.50332571e+00 0.00000000e+00
8.52618143e+00 0.00000000e+00
8.54903714e+00 0.00000000e+00
8.57189286e+00 0.00000000e+00
8.59474857e+00 0.00000000e+00
8.61760429e+00 0.00000000e+00
8.64046000e+00 0.00000000e+00
8.66331571e+00 0.00000000e+00
8.68617143e+00 0.00000000e+00
8.70902714e+00 0.00000000e+00
8.73188286e+00 0.00000000e+00
8.75473857e+00 0.00000000e+00
8.77759429e+00 0.00000000e+00
8.80045000e+00 0.00000000e+00
8.82330571e+00 0.00000000e+00
8.84616143e+00 0.00000000e+00
8.86901714e+00 0.00000000e+00
8.89187286e+00 0.00000000e+00
8.91472857e+00 0.00000000e+00
8.93758429e+00 0.00000000e+00
8.96044000e+00 0.00000000e+00
8.98329571e+00 0.00000000e+00
9.00615143e+00 0.00000000e+00
9.02900714e+00 0.00000000e+00
9.05186286e+00 0.00000000e+00
9.07471857e+00 0.00000000e+00
9.09757429e+00 0.00000000e+00
9.12043000e+00 0.00000000e+00
9.14328571e+00 0.00000000e+00
9.16614143e+00 0.00000000e+00
9.18899714e+00 0.00000000e+00
9.21185286e+00 0.00000000e+00
9.23470857e+00 0.00000000e+00
9.25756429e+00 0.00000000e+00
9.28042000e+00 0.00000000e+00
9.30327571e+00 0.00000000e+00
9.32613143e+00 0.00000000e+00
9.34898714e+00 0.00000000e+00
9.37184286e+00 0.00000000e+00
9.39469857e+00 0.00000000e+00
9.41755429e+00 0.00000000e+00
9.44041000e+00 0.00000000e+00
9.46326571e+00 0.00000000e+00
9.48612143e+00 0.00000000e+00
9.50897714e+00 0.00000000e+00
9.53183286e+00 0.00000000e+00
9.55468857e+00 0.00000000e+00
9.57754429e+00 0.00000000e+00
9.60040000e+00 0.00000000e+00
9.62325571e+00 0.00000000e+00
9.64611143e+00 0.00000000e+00
9.66896714e+00 0.00000000e+00
9.69182286e+00 0.00000000e+00
9.71467857e+00 0.00000000e+00
9.73753429e+00 0.00000000e+00
9.76039000e+00 0.00000000e+00
9.78324571e+00 0.00000000e+00
9.80610143e+00 0.00000000e+00
9.82895714e+00 0.00000000e+00
9.85181286e+00 0.00000000e+00
9.87466857e+00 0.00000000e+00
9.89752429e+00 0.00000000e+00
9.92038000e+00 0.00000000e+00
9.94323571e+00 0.00000000e+00
9.96609143e+00 0.00000000e+00
9.98894714e+00 0.00000000e+00
1.00118029e+01 0.00000000e+00
1.00346586e+01 0.00000000e+00
1.00575143e+01 0.00000000e+00
1.00803700e+01 0.00000000e+00
1.01032257e+01 0.00000000e+00
1.01260814e+01 0.00000000e+00
1.01489371e+01 0.00000000e+00
1.01717929e+01 0.00000000e+00
1.01946486e+01 0.00000000e+00
1.02175043e+01 0.00000000e+00
1.02403600e+01 0.00000000e+00
1.02632157e+01 0.00000000e+00
1.02860714e+01 0.00000000e+00
1.03089271e+01 0.00000000e+00
1.03317829e+01 0.00000000e+00
1.03546386e+01 0.00000000e+00
1.03774943e+01 0.00000000e+00
1.04003500e+01 0.00000000e+00
1.04232057e+01 0.00000000e+00
1.04460614e+01 0.00000000e+00
1.04689171e+01 0.00000000e+00
1.04917729e+01 0.00000000e+00
1.05146286e+01 0.00000000e+00
1.05374843e+01 0.00000000e+00
1.05603400e+01 0.00000000e+00
1.05831957e+01 0.00000000e+00
1.06060514e+01 0.00000000e+00
1.06289071e+01 0.00000000e+00
1.06517629e+01 0.00000000e+00
1.06746186e+01 0.00000000e+00
1.06974743e+01 0.00000000e+00
1.07203300e+01 0.00000000e+00
1.07431857e+01 0.00000000e+00
1.07660414e+01 0.00000000e+00
1.07888971e+01 0.00000000e+00
1.08117529e+01 0.00000000e+00
1.08346086e+01 0.00000000e+00
1.08574643e+01 0.00000000e+00
1.08803200e+01 0.00000000e+00
1.09031757e+01 0.00000000e+00
1.09260314e+01 0.00000000e+00
1.09488871e+01 0.00000000e+00
1.09717429e+01 0.00000000e+00
1.09945986e+01 0.00000000e+00
1.10174543e+01 0.00000000e+00
1.10403100e+01 0.00000000e+00
1.10631657e+01 0.00000000e+00
1.10860214e+01 0.00000000e+00
1.11088771e+01 0.00000000e+00
1.11317329e+01 0.00000000e+00
1.11545886e+01 0.00000000e+00
1.11774443e+01 0.00000000e+00
1.12003000e+01 0.00000000e+00
1.12231557e+01 0.00000000e+00
1.12460114e+01 0.00000000e+00
1.12688671e+01 0.00000000e+00
1.12917229e+01 0.00000000e+00
1.13145786e+01 0.00000000e+00
1.13374343e+01 0.00000000e+00
1.13602900e+01 0.00000000e+00
1.13831457e+01 0.00000000e+00
1.14060014e+01 0.00000000e+00
1.14288571e+01 0.00000000e+00
1.14517129e+01 0.00000000e+00
1.14745686e+01 0.00000000e+00
1.14974243e+01 0.00000000e+00
1.15202800e+01 0.00000000e+00
1.15431357e+01 0.00000000e+00
1.15659914e+01 0.00000000e+00
1.15888471e+01 0.00000000e+00
1.16117029e+01 0.00000000e+00
1.16345586e+01 0.00000000e+00
1.16574143e+01 0.00000000e+00
1.16802700e+01 0.00000000e+00
1.17031257e+01 0.00000000e+00
1.17259814e+01 0.00000000e+00
1.17488371e+01 0.00000000e+00
1.17716929e+01 0.00000000e+00
1.17945486e+01 0.00000000e+00
1.18174043e+01 0.00000000e+00
1.18402600e+01 0.00000000e+00
1.18631157e+01 0.00000000e+00
1.18859714e+01 0.00000000e+00
1.19088271e+01 0.00000000e+00
1.19316829e+01 0.00000000e+00
1.19545386e+01 0.00000000e+00
1.19773943e+01 0.00000000e+00
1.20002500e+01 0.00000000e+00
1.20231057e+01 0.00000000e+00
1.20459614e+01 0.00000000e+00
1.20688171e+01 0.00000000e+00
1.20916729e+01 0.00000000e+00
1.21145286e+01 0.00000000e+00
1.21373843e+01 0.00000000e+00
1.21602400e+01 0.00000000e+00
1.21830957e+01 0.00000000e+00
1.22059514e+01 0.00000000e+00
1.22288071e+01 0.00000000e+00
1.22516629e+01 0.00000000e+00
1.22745186e+01 0.00000000e+00
1.22973743e+01 0.00000000e+00
1.23202300e+01 0.00000000e+00
1.23430857e+01 0.00000000e+00
1.23659414e+01 0.00000000e+00
1.23887971e+01 0.00000000e+00
1.24116529e+01 0.00000000e+00
1.24345086e+01 0.00000000e+00
1.24573643e+01 0.00000000e+00
1.24802200e+01 0.00000000e+00
1.25030757e+01 0.00000000e+00
1.25259314e+01 0.00000000e+00
1.25487871e+01 0.00000000e+00
1.25716429e+01 0.00000000e+00
1.25944986e+01 0.00000000e+00
1.26173543e+01 0.00000000e+00
1.26402100e+01 0.00000000e+00
1.26630657e+01 0.00000000e+00
1.26859214e+01 0.00000000e+00
1.27087771e+01 0.00000000e+00
1.27316329e+01 0.00000000e+00
1.27544886e+01 0.00000000e+00
1.27773443e+01 0.00000000e+00
1.28002000e+01 0.00000000e+00
1.28230557e+01 0.00000000e+00
1.28459114e+01 0.00000000e+00
1.28687671e+01 0.00000000e+00
1.28916229e+01 0.00000000e+00
1.29144786e+01 0.00000000e+00
1.29373343e+01 0.00000000e+00
1.29601900e+01 0.00000000e+00
1.29830457e+01 0.00000000e+00
1.30059014e+01 0.00000000e+00
1.30287571e+01 0.00000000e+00
1.30516129e+01 0.00000000e+00
1.30744686e+01 0.00000000e+00
1.30973243e+01 0.00000000e+00
1.31201800e+01 0.00000000e+00
1.31430357e+01 0.00000000e+00
1.31658914e+01 0.00000000e+00
1.31887471e+01 0.00000000e+00
1.32116029e+01 0.00000000e+00
1.32344586e+01 0.00000000e+00
1.32573143e+01 0.00000000e+00
1.32801700e+01 0.00000000e+00
1.33030257e+01 0.00000000e+00
1.33258814e+01 0.00000000e+00
1.33487371e+01 0.00000000e+00
1.33715929e+01 0.00000000e+00
1.33944486e+01 0.00000000e+00
1.34173043e+01 0.00000000e+00
1.34401600e+01 0.00000000e+00
1.34630157e+01 0.00000000e+00
1.34858714e+01 0.00000000e+00
1.35087271e+01 0.00000000e+00
1.35315829e+01 0.00000000e+00
1.35544386e+01 0.00000000e+00
1.35772943e+01 0.00000000e+00
1.36001500e+01 0.00000000e+00
1.36230057e+01 0.00000000e+00
1.36458614e+01 0.00000000e+00
1.36687171e+01 0.00000000e+00
1.36915729e+01 0.00000000e+00
1.37144286e+01 0.00000000e+00
1.37372843e+01 0.00000000e+00
1.37601400e+01 0.00000000e+00
1.37829957e+01 0.00000000e+00
1.38058514e+01 0.00000000e+00
1.38287071e+01 0.00000000e+00
1.38515629e+01 0.00000000e+00
1.38744186e+01 0.00000000e+00
1.38972743e+01 0.00000000e+00
1.39201300e+01 0.00000000e+00
1.39429857e+01 0.00000000e+00
1.39658414e+01 0.00000000e+00
1.39886971e+01 0.00000000e+00
1.40115529e+01 0.00000000e+00
1.40344086e+01 0.00000000e+00
1.40572643e+01 0.00000000e+00
1.40801200e+01 0.00000000e+00
1.41029757e+01 0.00000000e+00
1.41258314e+01 0.00000000e+00
1.41486871e+01 0.00000000e+00
1.41715429e+01 0.00000000e+00
1.41943986e+01 0.00000000e+00
1.42172543e+01 0.00000000e+00
1.42401100e+01 0.00000000e+00
1.42629657e+01 0.00000000e+00
1.42858214e+01 0.00000000e+00
1.43086771e+01 0.00000000e+00
1.43315329e+01 0.00000000e+00
1.43543886e+01 0.00000000e+00
1.43772443e+01 0.00000000e+00
1.44001000e+01 0.00000000e+00
1.44229557e+01 0.00000000e+00
1.44458114e+01 0.00000000e+00
1.44686671e+01 0.00000000e+00
1.44915229e+01 0.00000000e+00
1.45143786e+01 0.00000000e+00
1.45372343e+01 0.00000000e+00
1.45600900e+01 0.00000000e+00
1.45829457e+01 0.00000000e+00
1.46058014e+01 0.00000000e+00
1.46286571e+01 0.00000000e+00
1.46515129e+01 0.00000000e+00
1.46743686e+01 0.00000000e+00
1.46972243e+01 0.00000000e+00
1.47200800e+01 0.00000000e+00
1.47429357e+01 0.00000000e+00
1.47657914e+01 0.00000000e+00
1.47886471e+01 0.00000000e+00
1.48115029e+01 0.00000000e+00
1.48343586e+01 0.00000000e+00
1.48572143e+01 0.00000000e+00
1.48800700e+01 0.00000000e+00
1.49029257e+01 0.00000000e+00
1.49257814e+01 0.00000000e+00
1.49486371e+01 0.00000000e+00
1.49714929e+01 0.00000000e+00
1.49943486e+01 0.00000000e+00
1.50172043e+01 0.00000000e+00
1.50400600e+01 0.00000000e+00
1.50629157e+01 0.00000000e+00
1.50857714e+01 0.00000000e+00
1.51086271e+01 0.00000000e+00
1.51314829e+01 0.00000000e+00
1.51543386e+01 0.00000000e+00
1.51771943e+01 0.00000000e+00
1.52000500e+01 0.00000000e+00
1.52229057e+01 0.00000000e+00
1.52457614e+01 0.00000000e+00
1.52686171e+01 0.00000000e+00
1.52914729e+01 0.00000000e+00
1.53143286e+01 0.00000000e+00
1.53371843e+01 0.00000000e+00
1.53600400e+01 0.00000000e+00
1.53828957e+01 0.00000000e+00
1.54057514e+01 0.00000000e+00
1.54286071e+01 0.00000000e+00
1.54514629e+01 0.00000000e+00
1.54743186e+01 0.00000000e+00
1.54971743e+01 0.00000000e+00
1.55200300e+01 0.00000000e+00
1.55428857e+01 0.00000000e+00
1.55657414e+01 0.00000000e+00
1.55885971e+01 0.00000000e+00
1.56114529e+01 0.00000000e+00
1.56343086e+01 0.00000000e+00
1.56571643e+01 0.00000000e+00
1.56800200e+01 0.00000000e+00
1.57028757e+01 0.00000000e+00
1.57257314e+01 0.00000000e+00
1.57485871e+01 0.00000000e+00
1.57714429e+01 0.00000000e+00
1.57942986e+01 0.00000000e+00
1.58171543e+01 0.00000000e+00
1.58400100e+01 0.00000000e+00
1.58628657e+01 0.00000000e+00
1.58857214e+01 0.00000000e+00
1.59085771e+01 0.00000000e+00
1.59314329e+01 0.00000000e+00
1.59542886e+01 0.00000000e+00
1.59771443e+01 0.00000000e+00
