# 2026-05-08 | 18:05:34 | Calculation performed with SolarAxionFlux v1.1; g_agamma = 1.000000e-10 GeV^-1, g_ae = 1.000000e-13.
# Spectral flux over full solar volume.
# Columns: energy values [keV] | axion flux [cm^-2 s^-1 keV^-1]
1.00000000e-03 1.49381304e+06
2.38557143e-02 6.90040234e+08
4.67114286e-02 2.26966047e+09
6.95671429e-02 4.34073215e+09
9.24228571e-02 6.61901012e+09
1.15278571e-01 8.90747705e+09
1.38134286e-01 1.10770456e+10
1.60990000e-01 1.30490624e+10
1.83845714e-01 1.47806784e+10
2.06701429e-01 1.62535890e+10
2.29557143e-01 1.74658040e+10
2.52412857e-01 1.84258203e+10
2.75268571e-01 1.91485810e+10
2.98124286e-01 1.96527144e+10
3.20980000e-01 1.99586712e+10
3.43835714e-01 2.00874821e+10
3.66691429e-01 2.00599428e+10
3.89547143e-01 1.98960891e+10
4.12402857e-01 1.96148722e+10
4.35258571e-01 1.92339686e+10
4.58114286e-01 1.87696830e+10
4.80970000e-01 1.82369140e+10
5.03825714e-01 1.76491622e+10
5.26681429e-01 1.70185683e+10
5.49537143e-01 1.63559689e+10
5.72392857e-01 1.56709660e+10
5.95248571e-01 1.49720034e+10
6.18104286e-01 1.42664472e+10
6.40960000e-01 1.35606680e+10
6.63815714e-01 1.28601230e+10
6.86671429e-01 1.21694364e+10
7.09527143e-01 1.14924769e+10
7.32382857e-01 1.08324324e+10
7.55238571e-01 1.01918808e+10
7.78094286e-01 9.57285627e+09
8.00950000e-01 8.97691179e+09
8.23805714e-01 8.40516807e+09
8.46661429e-01 7.85840279e+09
8.69517143e-01 7.33704546e+09
8.92372857e-01 6.84125863e+09
9.15228571e-01 6.37096943e+09
9.38084286e-01 5.92590632e+09
9.60940000e-01 5.50563207e+09
9.83795714e-01 5.10957331e+09
1.00665143e+00 4.73704671e+09
1.02950714e+00 4.38728223e+09
1.05236286e+00 4.05944342e+09
1.07521857e+00 3.75264523e+09
1.09807429e+00 3.46596943e+09
1.12093000e+00 3.19847790e+09
1.14378571e+00 2.94922397e+09
1.16664143e+00 2.71726205e+09
1.18949714e+00 2.50165562e+09
1.21235286e+00 2.30148397e+09
1.23520857e+00 2.11584759e+09
1.25806429e+00 1.94387253e+09
1.28092000e+00 1.78471385e+09
1.30377571e+00 1.63755816e+09
1.32663143e+00 1.50162551e+09
1.34948714e+00 1.37617064e+09
1.37234286e+00 1.26048375e+09
1.39519857e+00 1.15389072e+09
1.41805429e+00 1.05575311e+09
1.44091000e+00 9.65467679e+08
1.46376571e+00 8.82465823e+08
1.48662143e+00 8.06212665e+08
1.50947714e+00 7.36206062e+08
1.53233286e+00 6.71975468e+08
1.55518857e+00 6.13080698e+08
1.57804429e+00 5.59110632e+08
1.60090000e+00 5.09681878e+08
1.62375571e+00 4.64437408e+08
1.64661143e+00 4.23045191e+08
1.66946714e+00 3.85196837e+08
1.69232286e+00 3.50606253e+08
1.71517857e+00 3.19008339e+08
1.73803429e+00 2.90157704e+08
1.76089000e+00 2.63827442e+08
1.78374571e+00 2.39807939e+08
1.80660143e+00 2.17905739e+08
1.82945714e+00 1.97942455e+08
1.85231286e+00 1.79753735e+08
1.87516857e+00 1.63188281e+08
1.89802429e+00 1.48106919e+08
1.92088000e+00 1.34381724e+08
1.94373571e+00 1.21895196e+08
1.96659143e+00 1.10539480e+08
1.98944714e+00 1.00215644e+08
2.01230286e+00 9.08329934e+07
2.03515857e+00 8.23084406e+07
2.05801429e+00 7.45659079e+07
2.08087000e+00 6.75357768e+07
2.10372571e+00 6.11543737e+07
2.12658143e+00 5.53634934e+07
2.14943714e+00 5.01099557e+07
2.17229286e+00 4.53451954e+07
2.19514857e+00 4.10248834e+07
2.21800429e+00 3.71085747e+07
2.24086000e+00 3.35593852e+07
2.26371571e+00 3.03436921e+07
2.28657143e+00 2.74308582e+07
2.30942714e+00 2.47929785e+07
2.33228286e+00 2.24046457e+07
2.35513857e+00 2.02427358e+07
2.37799429e+00 1.82862106e+07
2.40085000e+00 1.65170768e+07
2.42370571e+00 1.49155596e+07
2.44656143e+00 1.34670948e+07
2.46941714e+00 1.21573169e+07
2.49227286e+00 1.09731781e+07
2.51512857e+00 9.90283076e+06
2.53798429e+00 8.93552065e+06
2.56084000e+00 8.06148859e+06
2.58369571e+00 7.27188099e+06
2.60655143e+00 6.55866802e+06
2.62940714e+00 5.91456896e+06
2.65226286e+00 5.35605873e+06
2.67511857e+00 4.80793207e+06
2.69797429e+00 4.33399429e+06
2.72083000e+00 3.90626221e+06
2.74368571e+00 3.52029082e+06
2.76654143e+00 3.17205574e+06
2.78939714e+00 2.85791422e+06
2.81225286e+00 2.57456970e+06
2.83510857e+00 2.31903952e+06
2.85796429e+00 2.08862562e+06
2.88082000e+00 1.88088789e+06
2.90367571e+00 1.69361994e+06
2.92653143e+00 1.52482710e+06
2.94938714e+00 1.37270646e+06
2.97224286e+00 1.23562876e+06
2.99509857e+00 1.11212189e+06
3.01795429e+00 1.00085602e+06
3.04081000e+00 9.00630008e+05
3.06366571e+00 8.10359190e+05
3.08652143e+00 7.29064207e+05
3.10937714e+00 6.55860947e+05
3.13223286e+00 5.89951406e+05
3.15508857e+00 5.30615416e+05
3.17794429e+00 4.77203153e+05
3.20080000e+00 4.29128357e+05
3.22365571e+00 3.85862193e+05
3.24651143e+00 3.46927694e+05
3.26936714e+00 3.11894736e+05
3.29222286e+00 2.80375493e+05
3.31507857e+00 2.52020327e+05
3.33793429e+00 2.26514065e+05
3.36079000e+00 2.03572645e+05
3.38364571e+00 1.82940075e+05
3.40650143e+00 1.64385691e+05
3.42935714e+00 1.47701675e+05
3.45221286e+00 1.32700815e+05
3.47506857e+00 1.19214485e+05
3.49792429e+00 1.07090814e+05
3.52078000e+00 9.61930415e+04
3.54363571e+00 8.63980236e+04
3.56649143e+00 7.75948928e+04
3.58934714e+00 6.96838442e+04
3.61220286e+00 6.25750412e+04
3.63505857e+00 5.61876287e+04
3.65791429e+00 5.04488428e+04
3.68077000e+00 4.52932078e+04
3.70362571e+00 4.06618121e+04
3.72648143e+00 3.65016553e+04
3.74933714e+00 3.27650602e+04
3.77219286e+00 2.94091416e+04
3.79504857e+00 2.63953289e+04
3.81790429e+00 2.36889348e+04
3.84076000e+00 2.12587674e+04
3.86361571e+00 1.90767805e+04
3.88647143e+00 1.71177584e+04
3.90932714e+00 1.53590325e+04
3.93218286e+00 1.37802255e+04
3.95503857e+00 1.23630215e+04
3.97789429e+00 1.10909586e+04
4.00075000e+00 9.94924293e+03
4.02360571e+00 8.92458004e+03
4.04646143e+00 8.00502440e+03
4.06931714e+00 7.17984311e+03
4.09217286e+00 6.43861775e+03
4.11502857e+00 5.77431455e+03
4.13788429e+00 5.17829212e+03
4.16074000e+00 4.64356206e+03
4.18359571e+00 4.16384777e+03
4.20645143e+00 3.73351231e+03
4.22930714e+00 3.34749364e+03
4.25216286e+00 3.00124624e+03
4.27501857e+00 2.69068870e+03
4.29787429e+00 2.41215658e+03
4.32073000e+00 2.16236003e+03
4.34358571e+00 1.93834570e+03
4.36644143e+00 1.73746245e+03
4.38929714e+00 1.55733064e+03
4.41215286e+00 1.39581438e+03
4.43500857e+00 1.25099677e+03
4.45786429e+00 1.12115746e+03
4.48072000e+00 1.00475267e+03
4.50357571e+00 9.00397089e+02
4.52643143e+00 8.06847705e+02
4.54928714e+00 7.22989255e+02
4.57214286e+00 6.47821145e+02
4.59499857e+00 5.80445709e+02
4.61785429e+00 5.20057670e+02
4.64071000e+00 4.65934666e+02
4.66356571e+00 4.17428751e+02
4.68642143e+00 3.73958754e+02
4.70927714e+00 3.35003432e+02
4.73213286e+00 3.00095306e+02
4.75498857e+00 2.68815143e+02
4.77784429e+00 2.40786993e+02
4.80070000e+00 2.15673738e+02
4.82355571e+00 1.93173093e+02
4.84641143e+00 1.73014022e+02
4.86926714e+00 1.54953520e+02
4.89212286e+00 1.38773722e+02
4.91497857e+00 1.24279312e+02
4.93783429e+00 1.11295197e+02
4.96069000e+00 9.96644215e+01
4.98354571e+00 8.92462919e+01
5.00640143e+00 7.99146998e+01
5.02925714e+00 7.15566141e+01
5.05211286e+00 6.40707289e+01
5.07496857e+00 5.73664251e+01
5.09782429e+00 5.13619704e+01
5.12068000e+00 4.59846395e+01
5.14353571e+00 4.11690895e+01
5.16639143e+00 3.68567677e+01
5.18924714e+00 3.29952087e+01
5.21210286e+00 2.95374026e+01
5.23495857e+00 2.64412298e+01
5.25781429e+00 2.36689537e+01
5.28067000e+00 2.11867658e+01
5.30352571e+00 1.89643777e+01
5.32638143e+00 1.69746560e+01
5.34923714e+00 1.51932943e+01
5.37209286e+00 1.35985195e+01
5.39494857e+00 1.21708284e+01
5.41780429e+00 1.08927518e+01
5.44066000e+00 9.74864266e+00
5.46351571e+00 8.72448686e+00
5.48637143e+00 7.80773291e+00
5.50922714e+00 6.98713981e+00
5.53208286e+00 6.25264056e+00
5.55493857e+00 5.59521623e+00
5.57779429e+00 5.00680099e+00
5.60065000e+00 4.48016143e+00
5.62350571e+00 4.00882395e+00
5.64636143e+00 3.58699194e+00
5.66921714e+00 3.20947514e+00
5.69207286e+00 2.87162640e+00
5.71492857e+00 2.56928490e+00
5.73778429e+00 2.29872543e+00
5.76064000e+00 2.05661286e+00
5.78349571e+00 1.83996135e+00
5.80635143e+00 1.64609789e+00
5.82920714e+00 1.47262958e+00
5.85206286e+00 1.31741431e+00
5.87491857e+00 1.17853457e+00
5.89777429e+00 1.05427391e+00
5.92063000e+00 9.43095923e-01
5.94348571e+00 8.43625388e-01
5.96634143e+00 7.54631394e-01
5.98919714e+00 6.75012227e-01
6.01205286e+00 6.03781831e-01
6.03490857e+00 5.40057692e-01
6.05776429e+00 4.83049883e-01
6.08062000e+00 4.32051763e-01
6.10347571e+00 3.86430635e-01
6.12633143e+00 3.45620396e-01
6.14918714e+00 3.09114451e-01
6.17204286e+00 2.76459464e-01
6.19489857e+00 2.47249774e-01
6.21775429e+00 2.21122384e-01
6.24061000e+00 1.97752488e-01
6.26346571e+00 1.76849454e-01
6.28632143e+00 1.58153236e-01
6.30917714e+00 1.41431161e-01
6.33203286e+00 1.26475053e-01
6.35488857e+00 1.13098657e-01
6.37774429e+00 1.01135333e-01
6.40060000e+00 9.04359954e-02
6.42345571e+00 8.08672660e-02
6.44631143e+00 7.23098216e-02
6.46916714e+00 6.46569152e-02
6.49202286e+00 5.78130521e-02
6.51487857e+00 5.16928062e-02
6.53773429e+00 4.62197593e-02
6.56059000e+00 4.13255530e-02
6.58344571e+00 3.69490399e-02
6.60630143e+00 3.30355234e-02
6.62915714e+00 2.95360790e-02
6.65201286e+00 2.64069453e-02
6.67486857e+00 2.36089802e-02
6.69772429e+00 2.11071739e-02
6.72058000e+00 1.88702131e-02
6.74343571e+00 1.68700915e-02
6.76629143e+00 1.50817607e-02
6.78914714e+00 1.34828184e-02
6.81200286e+00 1.20532292e-02
6.83485857e+00 1.07750747e-02
6.85771429e+00 9.63233033e-03
6.88057000e+00 8.61066516e-03
6.90342571e+00 7.69726335e-03
6.92628143e+00 6.88066406e-03
6.94913714e+00 6.15061838e-03
6.97199286e+00 5.49796132e-03
6.99484857e+00 4.91449730e-03
7.01770429e+00 4.39289776e-03
7.04056000e+00 3.92660953e-03
7.06341571e+00 3.50977286e-03
7.08627143e+00 3.14363779e-03
7.10912714e+00 2.80988723e-03
7.13198286e+00 2.51154015e-03
7.15483857e+00 2.24012337e-03
7.17769429e+00 2.00219948e-03
7.20055000e+00 1.78952479e-03
7.22340571e+00 1.59942215e-03
7.24626143e+00 1.42949800e-03
7.26911714e+00 1.27761235e-03
7.29197286e+00 1.14185196e-03
7.31482857e+00 1.02050631e-03
7.33768429e+00 9.12046170e-04
7.36054000e+00 8.15104397e-04
7.38339571e+00 7.28458763e-04
7.40625143e+00 6.51016620e-04
7.42910714e+00 5.81801168e-04
7.45196286e+00 5.19939190e-04
7.47481857e+00 4.64650073e-04
7.49767429e+00 4.15236001e-04
7.52053000e+00 3.71073178e-04
7.54338571e+00 3.31603985e-04
7.56624143e+00 2.96329967e-04
7.58909714e+00 2.64805558e-04
7.61195286e+00 2.36632477e-04
7.63480857e+00 2.11454716e-04
7.65766429e+00 1.88954051e-04
7.68052000e+00 1.68846042e-04
7.70337571e+00 1.50876445e-04
7.72623143e+00 1.34818013e-04
7.74908714e+00 1.20467627e-04
7.77194286e+00 1.07643741e-04
7.79479857e+00 9.61840884e-05
7.81765429e+00 8.59436408e-05
7.84051000e+00 7.67927746e-05
7.86336571e+00 6.86156375e-05
7.88622143e+00 6.13086865e-05
7.90907714e+00 5.47793810e-05
7.93193286e+00 4.89450146e-05
7.95478857e+00 4.37316708e-05
7.97764429e+00 3.90732897e-05
8.00050000e+00 3.49108334e-05
8.02335571e+00 3.11915401e-05
8.04621143e+00 2.78682577e-05
8.06906714e+00 2.48988473e-05
8.09192286e+00 2.22456513e-05
8.11477857e+00 1.98750165e-05
8.13763429e+00 1.77568689e-05
8.16049000e+00 1.58643335e-05
8.18334571e+00 1.41733937e-05
8.20620143e+00 1.26625881e-05
8.22905714e+00 1.13127385e-05
8.25191286e+00 1.01067072e-05
8.27476857e+00 9.02918016e-06
8.29762429e+00 8.06647285e-06
8.32048000e+00 7.20635724e-06
8.34333571e+00 6.43790671e-06
8.36619143e+00 5.75135771e-06
8.38904714e+00 5.13798599e-06
8.41190286e+00 4.58999608e-06
8.43475857e+00 4.10042246e-06
8.45761429e+00 3.66304125e-06
8.48047000e+00 3.27229130e-06
8.50332571e+00 2.92320367e-06
8.52618143e+00 2.61133859e-06
8.54903714e+00 2.33272916e-06
8.57189286e+00 2.08383100e-06
8.59474857e+00 1.86147729e-06
8.61760429e+00 1.66283855e-06
8.64046000e+00 1.48538675e-06
8.66331571e+00 1.32686321e-06
8.68617143e+00 1.18524990e-06
8.70902714e+00 1.05874383e-06
8.73188286e+00 9.45734157e-07
8.75473857e+00 8.44781697e-07
8.77759429e+00 7.54600657e-07
8.80045000e+00 6.74042293e-07
8.82330571e+00 6.02080309e-07
8.84616143e+00 5.37797811e-07
8.86901714e+00 4.80375655e-07
8.89187286e+00 4.29082027e-07
8.91472857e+00 3.83263141e-07
8.93758429e+00 3.42334922e-07
8.96044000e+00 3.05775576e-07
8.98329571e+00 2.73118956e-07
9.00615143e+00 2.43948626e-07
9.02900714e+00 2.17892565e-07
9.05186286e+00 1.94618433e-07
9.07471857e+00 1.73829337e-07
9.09757429e+00 1.55260058e-07
9.12043000e+00 1.38673666e-07
9.14328571e+00 1.23858511e-07
9.16614143e+00 1.10625522e-07
9.18899714e+00 9.88058049e-08
9.21185286e+00 8.82484831e-08
9.23470857e+00 7.88187821e-08
9.25756429e+00 7.03963096e-08
9.28042000e+00 6.28735215e-08
9.30327571e+00 5.61543517e-08
9.32613143e+00 5.01529873e-08
9.34898714e+00 4.47927753e-08
9.37184286e+00 4.00052446e-08
9.39469857e+00 3.57292336e-08
9.41755429e+00 3.19101100e-08
9.44041000e+00 2.84990740e-08
9.46326571e+00 2.54525361e-08
9.48612143e+00 2.27315609e-08
9.50897714e+00 2.03013703e-08
9.53183286e+00 1.81309000e-08
9.55468857e+00 1.61924031e-08
9.57754429e+00 1.44610957e-08
9.60040000e+00 1.29148410e-08
9.62325571e+00 1.15338661e-08
9.64611143e+00 1.03005105e-08
9.66896714e+00 9.19899978e-09
9.69182286e+00 8.21524460e-09
9.71467857e+00 7.33666073e-09
9.73753429e+00 6.55200827e-09
9.76039000e+00 5.85124814e-09
9.78324571e+00 5.22541382e-09
9.80610143e+00 4.66649679e-09
9.82895714e+00 4.16734426e-09
9.85181286e+00 3.72156771e-09
9.87466857e+00 3.32346130e-09
9.89752429e+00 2.96792892e-09
9.92038000e+00 2.65041908e-09
9.94323571e+00 2.36686671e-09
9.96609143e+00 2.11364120e-09
9.98894714e+00 1.88749999e-09
1.00118029e+01 1.68554709e-09
1.00346586e+01 1.50519607e-09
1.00575143e+01 1.34413699e-09
1.00803700e+01 1.20030681e-09
1.01032257e+01 1.07186306e-09
1.01260814e+01 9.57160240e-10
1.01489371e+01 8.54728760e-10
1.01717929e+01 7.63256166e-10
1.01946486e+01 6.81570328e-10
1.02175043e+01 6.08624444e-10
1.02403600e+01 5.43483649e-10
1.02632157e+01 4.85313042e-10
1.02860714e+01 4.33367006e-10
1.03089271e+01 3.86979660e-10
1.03317829e+01 3.45556335e-10
1.03546386e+01 3.08565963e-10
1.03774943e+01 2.75534274e-10
1.04003500e+01 2.46037725e-10
1.04232057e+01 2.19698075e-10
1.04460614e+01 1.96177541e-10
1.04689171e+01 1.75174474e-10
1.04917729e+01 1.56419490e-10
1.05146286e+01 1.39672027e-10
1.05374843e+01 1.24717253e-10
1.05603400e+01 1.11363323e-10
1.05831957e+01 9.94389173e-11
1.06060514e+01 8.87910433e-11
1.06289071e+01 7.92830794e-11
1.06517629e+01 7.07930220e-11
1.06746186e+01 6.32119219e-11
1.06974743e+01 5.64424881e-11
1.07203300e+01 5.03978405e-11
1.07431857e+01 4.50003965e-11
1.07660414e+01 4.01808756e-11
1.07888971e+01 3.58774120e-11
1.08117529e+01 3.20347608e-11
1.08346086e+01 2.86035896e-11
1.08574643e+01 2.55398461e-11
1.08803200e+01 2.28041932e-11
1.09031757e+01 2.03615040e-11
1.09260314e+01 1.81804116e-11
1.09488871e+01 1.62329068e-11
1.09717429e+01 1.44939786e-11
1.09945986e+01 1.29412934e-11
1.10174543e+01 1.15549083e-11
1.10403100e+01 1.03170157e-11
1.10631657e+01 9.21171418e-12
1.10860214e+01 8.22480483e-12
1.11088771e+01 7.34360894e-12
1.11317329e+01 6.55680526e-12
1.11545886e+01 5.85428473e-12
1.11774443e+01 5.22702068e-12
1.12003000e+01 4.66695299e-12
1.12231557e+01 4.16688460e-12
1.12460114e+01 3.72038915e-12
1.12688671e+01 3.32172842e-12
1.12917229e+01 2.96577869e-12
1.13145786e+01 2.64796497e-12
1.13374343e+01 2.36420217e-12
1.13602900e+01 2.11084275e-12
1.13831457e+01 1.88462979e-12
1.14060014e+01 1.68265520e-12
1.14288571e+01 1.50232235e-12
1.14517129e+01 1.34131274e-12
1.14745686e+01 1.19755621e-12
1.14974243e+01 1.06920432e-12
1.15202800e+01 9.54606643e-13
1.15431357e+01 8.52289541e-13
1.15659914e+01 7.60937227e-13
1.15888471e+01 6.79374871e-13
1.16117029e+01 6.06553492e-13
1.16345586e+01 5.41536491e-13
1.16574143e+01 4.83487603e-13
1.16802700e+01 4.31660157e-13
1.17031257e+01 3.85387477e-13
1.17259814e+01 3.44074314e-13
1.17488371e+01 3.07189195e-13
1.17716929e+01 2.74257589e-13
1.17945486e+01 2.44855810e-13
1.18174043e+01 2.18605570e-13
1.18402600e+01 1.95169114e-13
1.18631157e+01 1.74244879e-13
1.18859714e+01 1.55563615e-13
1.19088271e+01 1.38884925e-13
1.19316829e+01 1.23994173e-13
1.19545386e+01 1.10699723e-13
1.19773943e+01 9.88304776e-14
1.20002500e+01 8.82336733e-14
1.20231057e+01 7.87729190e-14
1.20459614e+01 7.03264407e-14
1.20688171e+01 6.27855153e-14
1.20916729e+01 5.60530724e-14
1.21145286e+01 5.00424450e-14
1.21373843e+01 4.46762555e-14
1.21602400e+01 3.98854194e-14
1.21830957e+01 3.56082574e-14
1.22059514e+01 3.17897010e-14
1.22288071e+01 2.83805847e-14
1.22516629e+01 2.53370129e-14
1.22745186e+01 2.26196872e-14
1.22973743e+01 2.01938459e-14
1.23202300e+01 1.80281298e-14
1.23430857e+01 1.60946493e-14
1.23659414e+01 1.43685045e-14
1.23887971e+01 1.28274649e-14
1.24116529e+01 1.14516831e-14
1.24345086e+01 1.02234396e-14
1.24573643e+01 9.12691456e-15
1.24802200e+01 8.14798407e-15
1.25030757e+01 7.27403861e-15
1.25259314e+01 6.49382055e-15
1.25487871e+01 5.79727925e-15
1.25716429e+01 5.17544168e-15
1.25944986e+01 4.62029691e-15
1.26173543e+01 4.12469295e-15
1.26402100e+01 3.68224466e-15
1.26630657e+01 3.28725158e-15
1.26859214e+01 2.93462446e-15
1.27087771e+01 2.61981979e-15
1.27316329e+01 2.33878125e-15
1.27544886e+01 2.08788750e-15
1.27773443e+01 1.86390552e-15
1.28002000e+01 1.66394900e-15
1.28230557e+01 1.48544115e-15
1.28459114e+01 1.32608374e-15
1.28687671e+01 1.18381829e-15
1.28916229e+01 1.05681381e-15
1.29144786e+01 9.43433417e-16
1.29373343e+01 8.42215785e-16
1.29601900e+01 7.51856311e-16
1.29830457e+01 6.71190312e-16
1.30059014e+01 5.99178015e-16
1.30287571e+01 5.34891168e-16
1.30516129e+01 4.77501076e-16
1.30744686e+01 4.26267928e-16
1.30973243e+01 3.80531263e-16
1.31201800e+01 3.39701459e-16
1.31430357e+01 3.03252139e-16
1.31658914e+01 2.70713383e-16
1.31887471e+01 2.41665681e-16
1.32116029e+01 2.15734518e-16
1.32344586e+01 1.92585552e-16
1.32573143e+01 1.71920309e-16
1.32801700e+01 1.53472327e-16
1.33030257e+01 1.37003732e-16
1.33258814e+01 1.22302164e-16
1.33487371e+01 1.09178046e-16
1.33715929e+01 9.74621361e-17
1.33944486e+01 8.70033500e-17
1.34173043e+01 7.76668100e-17
1.34401600e+01 6.93321086e-17
1.34630157e+01 6.18917555e-17
1.34858714e+01 5.52497277e-17
1.35087271e+01 4.93204978e-17
1.35315829e+01 4.40275202e-17
1.35544386e+01 3.93025264e-17
1.35772943e+01 3.50845720e-17
1.36001500e+01 3.13192516e-17
1.36230057e+01 2.79579966e-17
1.36458614e+01 2.49574498e-17
1.36687171e+01 2.22789056e-17
1.36915729e+01 1.98878114e-17
1.37144286e+01 1.77533219e-17
1.37372843e+01 1.58479015e-17
1.37601400e+01 1.41469942e-17
1.37829957e+01 1.26286034e-17
1.38058514e+01 1.12731682e-17
1.38287071e+01 1.00632013e-17
1.38515629e+01 8.98309223e-18
1.38744186e+01 8.01890518e-18
1.38972743e+01 7.15819994e-18
1.39201300e+01 6.38987116e-18
1.39429857e+01 5.70400520e-18
1.39658414e+01 5.09175222e-18
1.39886971e+01 4.54521207e-18
1.40115529e+01 4.05733237e-18
1.40344086e+01 3.62181755e-18
1.40572643e+01 3.23304763e-18
1.40801200e+01 2.88600576e-18
1.41029757e+01 2.57621345e-18
1.41258314e+01 2.29967283e-18
1.41486871e+01 2.05281508e-18
1.41715429e+01 1.83245440e-18
1.41943986e+01 1.63574686e-18
1.42172543e+01 1.46015375e-18
1.42401100e+01 1.30340883e-18
1.42629657e+01 1.16348909e-18
1.42858214e+01 1.03858861e-18
1.43086771e+01 9.27095311e-19
1.43315329e+01 8.27570128e-19
1.43543886e+01 7.38728445e-19
1.43772443e+01 6.59423525e-19
1.44001000e+01 5.88631708e-19
1.44229557e+01 5.25439204e-19
1.44458114e+01 4.69030302e-19
1.44686671e+01 4.18676843e-19
1.44915229e+01 3.73728824e-19
1.45143786e+01 3.33606008e-19
1.45372343e+01 2.97790441e-19
1.45600900e+01 2.65819763e-19
1.45829457e+01 2.37281241e-19
1.46058014e+01 2.11806445e-19
1.46286571e+01 1.89066494e-19
1.46515129e+01 1.68767806e-19
1.46743686e+01 1.50648314e-19
1.46972243e+01 1.34474082e-19
1.47200800e+01 1.20036284e-19
1.47429357e+01 1.07148512e-19
1.47657914e+01 9.56443663e-20
1.47886471e+01 8.53753104e-20
1.48115029e+01 7.62087829e-20
1.48343586e+01 6.80263615e-20
1.48572143e+01 6.07224268e-20
1.48800700e+01 5.42026674e-20
1.49029257e+01 4.83828966e-20
1.49257814e+01 4.31879648e-20
1.49486371e+01 3.85507900e-20
1.49714929e+01 3.44114918e-20
1.49943486e+01 3.07166178e-20
1.50172043e+01 2.74184542e-20
1.50400600e+01 2.44744093e-20
1.50629157e+01 2.18464896e-20
1.50857714e+01 1.95007038e-20
1.51086271e+01 1.74067863e-20
1.51314829e+01 1.55376954e-20
1.51543386e+01 1.38692923e-20
1.51771943e+01 1.23800299e-20
1.52000500e+01 1.10506745e-20
1.52229057e+01 9.86405718e-21
1.52457614e+01 8.80485238e-21
1.52686171e+01 7.85937993e-21
1.52914729e+01 7.01542839e-21
1.53143286e+01 6.26209742e-21
1.53371843e+01 5.58965697e-21
1.53600400e+01 4.98942168e-21
1.53828957e+01 4.45363868e-21
1.54057514e+01 3.97538753e-21
1.54286071e+01 3.54849081e-21
1.54514629e+01 3.16743436e-21
1.54743186e+01 2.82729607e-21
1.54971743e+01 2.52368232e-21
1.55200300e+01 2.25267122e-21
1.55428857e+01 2.01077375e-21
1.55657414e+01 1.79484024e-21
1.55885971e+01 1.60209450e-21
1.56114529e+01 1.43004663e-21
1.56343086e+01 1.27647412e-21
1.56571643e+01 1.13939307e-21
1.56800200e+01 1.01703261e-21
1.57028757e+01 9.07812028e-22
1.57257314e+01 8.10320336e-22
1.57485871e+01 7.23298055e-22
1.57714429e+01 6.45620946e-22
1.57942986e+01 5.76285489e-22
1.58171543e+01 5.14395920e-22
1.58400100e+01 4.59148469e-22
1.58628657e+01 4.09838261e-22
1.58857214e+01 3.65823520e-22
1.59085771e+01 3.26535585e-22
1.59314329e+01 2.91466858e-22
1.59542886e+01 2.60164246e-22
1.59771443e+01 2.32223315e-22
