# 2026-05-16 | 21:53:31 | Calculation performed with SolarAxionFlux v1.1; g_agamma = 5.000000e-11 GeV^-1, g_ae = 1.000000e-13.
# Spectral flux over full solar volume.
# Columns: energy values [keV] | axion flux [cm^-2 s^-1 keV^-1]
1.00000000e-03 5.92404363e+06
1.69990000e-02 1.68961007e+09
3.29980000e-02 6.28422030e+09
4.89970000e-02 1.36745329e+10
6.49960000e-02 2.37479546e+10
8.09950000e-02 3.63942982e+10
9.69940000e-02 5.15048453e+10
1.12993000e-01 6.89739397e+10
1.28992000e-01 8.86971211e+10
1.44991000e-01 1.10572642e+11
1.60990000e-01 1.34500624e+11
1.76989000e-01 1.60385533e+11
1.92988000e-01 1.88127517e+11
2.08987000e-01 2.17634488e+11
2.24986000e-01 2.48815502e+11
2.40985000e-01 2.81578873e+11
2.56984000e-01 3.15837372e+11
2.72983000e-01 3.51504897e+11
2.88982000e-01 3.88497254e+11
3.04981000e-01 4.26732142e+11
3.20980000e-01 4.66129145e+11
3.36979000e-01 5.06609716e+11
3.52978000e-01 5.48097171e+11
3.68977000e-01 5.90516676e+11
3.84976000e-01 6.33795233e+11
4.00975000e-01 6.77863156e+11
4.16974000e-01 7.22648292e+11
4.32973000e-01 7.68084419e+11
4.48972000e-01 8.14105783e+11
4.64971000e-01 8.60648406e+11
4.80970000e-01 9.07650076e+11
4.96969000e-01 9.55050336e+11
5.12968000e-01 1.00279046e+12
5.28967000e-01 1.05080881e+12
5.44966000e-01 1.09905902e+12
5.60965000e-01 1.14748320e+12
5.76964000e-01 1.19602942e+12
5.92963000e-01 1.24464741e+12
6.08962000e-01 1.29328854e+12
6.24961000e-01 1.34190579e+12
6.40960000e-01 1.39045376e+12
6.56959000e-01 1.43888860e+12
6.72958000e-01 1.48716805e+12
6.88957000e-01 1.53525136e+12
7.04956000e-01 1.58309931e+12
7.20955000e-01 1.63067417e+12
7.36954000e-01 1.67801035e+12
7.52953000e-01 1.72493272e+12
7.68952000e-01 1.77147746e+12
7.84951000e-01 1.81761258e+12
8.00950000e-01 1.86332019e+12
8.16949000e-01 1.90854619e+12
8.32948000e-01 1.95327480e+12
8.48947000e-01 1.99747938e+12
8.64946000e-01 2.04113460e+12
8.80945000e-01 2.08421636e+12
8.96944000e-01 2.12668548e+12
9.12943000e-01 2.16855229e+12
9.28942000e-01 2.20978061e+12
9.44941000e-01 2.25035112e+12
9.60940000e-01 2.29024560e+12
9.76939000e-01 2.32944695e+12
9.92938000e-01 2.36793912e+12
1.00893700e+00 2.40570715e+12
1.02493600e+00 2.44273707e+12
1.04093500e+00 2.47901593e+12
1.05693400e+00 2.51453175e+12
1.07293300e+00 2.54927349e+12
1.08893200e+00 2.58323105e+12
1.10493100e+00 2.61639523e+12
1.12093000e+00 2.64875771e+12
1.13692900e+00 2.68031100e+12
1.15292800e+00 2.71104846e+12
1.16892700e+00 2.74096425e+12
1.18492600e+00 2.77005332e+12
1.20092500e+00 2.79831137e+12
1.21692400e+00 2.82573484e+12
1.23292300e+00 2.85232088e+12
1.24892200e+00 2.87800911e+12
1.26492100e+00 2.90291319e+12
1.28092000e+00 2.92697536e+12
1.29691900e+00 2.95019540e+12
1.31291800e+00 2.97257370e+12
1.32891700e+00 2.99408273e+12
1.34491600e+00 3.01478048e+12
1.36091500e+00 3.03464108e+12
1.37691400e+00 3.05361468e+12
1.39291300e+00 3.07181055e+12
1.40891200e+00 3.08917859e+12
1.42491100e+00 3.10572285e+12
1.44091000e+00 3.12144785e+12
1.45690900e+00 3.13635849e+12
1.47290800e+00 3.15046014e+12
1.48890700e+00 3.16375853e+12
1.50490600e+00 3.17625977e+12
1.52090500e+00 3.18797032e+12
1.53690400e+00 3.19889700e+12
1.55290300e+00 3.20904696e+12
1.56890200e+00 3.21842764e+12
1.58490100e+00 3.22704679e+12
1.60090000e+00 3.23491243e+12
1.61689900e+00 3.24203285e+12
1.63289800e+00 3.24841659e+12
1.64889700e+00 3.25407243e+12
1.66489600e+00 3.25900937e+12
1.68089500e+00 3.26323661e+12
1.69689400e+00 3.26676356e+12
1.71289300e+00 3.26959981e+12
1.72889200e+00 3.27175510e+12
1.74489100e+00 3.27323935e+12
1.76089000e+00 3.27406263e+12
1.77688900e+00 3.27423513e+12
1.79288800e+00 3.27376716e+12
1.80888700e+00 3.27266916e+12
1.82488600e+00 3.27095165e+12
1.84088500e+00 3.26862527e+12
1.85688400e+00 3.26570071e+12
1.87288300e+00 3.26218875e+12
1.88888200e+00 3.25810022e+12
1.90488100e+00 3.25344602e+12
1.92088000e+00 3.24827666e+12
1.93687900e+00 3.24252421e+12
1.95287800e+00 3.23623897e+12
1.96887700e+00 3.22943196e+12
1.98487600e+00 3.22211421e+12
2.00087500e+00 3.21429675e+12
2.01687400e+00 3.20599060e+12
2.03287300e+00 3.19720678e+12
2.04887200e+00 3.18795628e+12
2.06487100e+00 3.17825007e+12
2.08087000e+00 3.16809911e+12
2.09686900e+00 3.15751429e+12
2.11286800e+00 3.14650649e+12
2.12886700e+00 3.13508650e+12
2.14486600e+00 3.12326511e+12
2.16086500e+00 3.11105302e+12
2.17686400e+00 3.09846085e+12
2.19286300e+00 3.08549920e+12
2.20886200e+00 3.07217857e+12
2.22486100e+00 3.05850937e+12
2.24086000e+00 3.04450195e+12
2.25685900e+00 3.03016658e+12
2.27285800e+00 3.01551342e+12
2.28885700e+00 3.00055256e+12
2.30485600e+00 2.98529398e+12
2.32085500e+00 2.96974757e+12
2.33685400e+00 2.95392312e+12
2.35285300e+00 2.93783030e+12
2.36885200e+00 2.92147870e+12
2.38485100e+00 2.90487778e+12
2.40085000e+00 2.88803690e+12
2.41684900e+00 2.87096529e+12
2.43284800e+00 2.85367210e+12
2.44884700e+00 2.83616631e+12
2.46484600e+00 2.81843666e+12
2.48084500e+00 2.80053177e+12
2.49684400e+00 2.78244062e+12
2.51284300e+00 2.76417174e+12
2.52884200e+00 2.74573352e+12
2.54484100e+00 2.72713424e+12
2.56084000e+00 2.70838205e+12
2.57683900e+00 2.68948497e+12
2.59283800e+00 2.67045089e+12
2.60883700e+00 2.65128757e+12
2.62483600e+00 2.63200265e+12
2.64083500e+00 2.61260364e+12
2.65683400e+00 2.59309790e+12
2.67283300e+00 2.57349270e+12
2.68883200e+00 2.55379513e+12
2.70483100e+00 2.53401218e+12
2.72083000e+00 2.51415071e+12
2.73682900e+00 2.49421744e+12
2.75282800e+00 2.47421897e+12
2.76882700e+00 2.45416176e+12
2.78482600e+00 2.43405214e+12
2.80082500e+00 2.41389632e+12
2.81682400e+00 2.39370039e+12
2.83282300e+00 2.37347028e+12
2.84882200e+00 2.35321182e+12
2.86482100e+00 2.33293071e+12
2.88082000e+00 2.31263251e+12
2.89681900e+00 2.29232268e+12
2.91281800e+00 2.27200653e+12
2.92881700e+00 2.25168926e+12
2.94481600e+00 2.23137595e+12
2.96081500e+00 2.21107155e+12
2.97681400e+00 2.19078089e+12
2.99281300e+00 2.17050868e+12
3.00881200e+00 2.15025953e+12
3.02481100e+00 2.13003791e+12
3.04081000e+00 2.10984818e+12
3.05680900e+00 2.08969459e+12
3.07280800e+00 2.06958128e+12
3.08880700e+00 2.04951225e+12
3.10480600e+00 2.02949144e+12
3.12080500e+00 2.00952263e+12
3.13680400e+00 1.98960951e+12
3.15280300e+00 1.96975568e+12
3.16880200e+00 1.94996461e+12
3.18480100e+00 1.93023968e+12
3.20080000e+00 1.91058415e+12
3.21679900e+00 1.89100119e+12
3.23279800e+00 1.87149388e+12
3.24879700e+00 1.85206519e+12
3.26479600e+00 1.83271798e+12
3.28079500e+00 1.81345504e+12
3.29679400e+00 1.79427904e+12
3.31279300e+00 1.77519258e+12
3.32879200e+00 1.75619815e+12
3.34479100e+00 1.73729817e+12
3.36079000e+00 1.71849495e+12
3.37678900e+00 1.69979071e+12
3.39278800e+00 1.68118762e+12
3.40878700e+00 1.66268772e+12
3.42478600e+00 1.64429300e+12
3.44078500e+00 1.62600535e+12
3.45678400e+00 1.60782660e+12
3.47278300e+00 1.58975847e+12
3.48878200e+00 1.57180263e+12
3.50478100e+00 1.55396068e+12
3.52078000e+00 1.53623411e+12
3.53677900e+00 1.51862437e+12
3.55277800e+00 1.50113282e+12
3.56877700e+00 1.48376078e+12
3.58477600e+00 1.46650945e+12
3.60077500e+00 1.44938001e+12
3.61677400e+00 1.43237356e+12
3.63277300e+00 1.41549112e+12
3.64877200e+00 1.39873367e+12
3.66477100e+00 1.38210212e+12
3.68077000e+00 1.36559730e+12
3.69676900e+00 1.34922002e+12
3.71276800e+00 1.33297100e+12
3.72876700e+00 1.31685092e+12
3.74476600e+00 1.30086040e+12
3.76076500e+00 1.28500000e+12
3.77676400e+00 1.26927025e+12
3.79276300e+00 1.25367160e+12
3.80876200e+00 1.23820446e+12
3.82476100e+00 1.22286921e+12
3.84076000e+00 1.20766615e+12
3.85675900e+00 1.19259556e+12
3.87275800e+00 1.17765767e+12
3.88875700e+00 1.16285266e+12
3.90475600e+00 1.14818066e+12
3.92075500e+00 1.13364177e+12
3.93675400e+00 1.11923606e+12
3.95275300e+00 1.10496354e+12
3.96875200e+00 1.09082418e+12
3.98475100e+00 1.07681793e+12
4.00075000e+00 1.06294470e+12
4.01674900e+00 1.04920436e+12
4.03274800e+00 1.03559674e+12
4.04874700e+00 1.02212165e+12
4.06474600e+00 1.00877885e+12
4.08074500e+00 9.95568100e+11
4.09674400e+00 9.82489094e+11
4.11274300e+00 9.69541517e+11
4.12874200e+00 9.56725023e+11
4.14474100e+00 9.44039237e+11
4.16074000e+00 9.31483757e+11
4.17673900e+00 9.19058156e+11
4.19273800e+00 9.06761983e+11
4.20873700e+00 8.94594762e+11
4.22473600e+00 8.82555995e+11
4.24073500e+00 8.70645160e+11
4.25673400e+00 8.58861715e+11
4.27273300e+00 8.47205097e+11
4.28873200e+00 8.35674723e+11
4.30473100e+00 8.24269991e+11
4.32073000e+00 8.12990281e+11
4.33672900e+00 8.01834955e+11
4.35272800e+00 7.90803356e+11
4.36872700e+00 7.79894815e+11
4.38472600e+00 7.69108644e+11
4.40072500e+00 7.58444141e+11
4.41672400e+00 7.47900590e+11
4.43272300e+00 7.37477262e+11
4.44872200e+00 7.27173413e+11
4.46472100e+00 7.16988289e+11
4.48072000e+00 7.06921123e+11
4.49671900e+00 6.96971137e+11
4.51271800e+00 6.87137542e+11
4.52871700e+00 6.77419539e+11
4.54471600e+00 6.67816320e+11
4.56071500e+00 6.58327069e+11
4.57671400e+00 6.48950958e+11
4.59271300e+00 6.39687155e+11
4.60871200e+00 6.30534819e+11
4.62471100e+00 6.21493101e+11
4.64071000e+00 6.12561147e+11
4.65670900e+00 6.03738096e+11
4.67270800e+00 5.95023081e+11
4.68870700e+00 5.86415233e+11
4.70470600e+00 5.77913674e+11
4.72070500e+00 5.69517523e+11
4.73670400e+00 5.61225897e+11
4.75270300e+00 5.53037908e+11
4.76870200e+00 5.44952665e+11
4.78470100e+00 5.36969273e+11
4.80070000e+00 5.29086836e+11
4.81669900e+00 5.21304457e+11
4.83269800e+00 5.13621235e+11
4.84869700e+00 5.06036268e+11
4.86469600e+00 4.98548655e+11
4.88069500e+00 4.91157492e+11
4.89669400e+00 4.83861874e+11
4.91269300e+00 4.76660899e+11
4.92869200e+00 4.69553663e+11
4.94469100e+00 4.62539262e+11
4.96069000e+00 4.55616793e+11
4.97668900e+00 4.48785355e+11
4.99268800e+00 4.42044046e+11
5.00868700e+00 4.35391969e+11
5.02468600e+00 4.28828226e+11
5.04068500e+00 4.22351919e+11
5.05668400e+00 4.15962158e+11
5.07268300e+00 4.09658049e+11
5.08868200e+00 4.03438704e+11
5.10468100e+00 3.97303238e+11
5.12068000e+00 3.91250766e+11
5.13667900e+00 3.85280410e+11
5.15267800e+00 3.79391292e+11
5.16867700e+00 3.73582540e+11
5.18467600e+00 3.67853282e+11
5.20067500e+00 3.62202654e+11
5.21667400e+00 3.56629794e+11
5.23267300e+00 3.51133842e+11
5.24867200e+00 3.45713947e+11
5.26467100e+00 3.40369257e+11
5.28067000e+00 3.35098929e+11
5.29666900e+00 3.29902121e+11
5.31266800e+00 3.24777998e+11
5.32866700e+00 3.19725729e+11
5.34466600e+00 3.14744488e+11
5.36066500e+00 3.09833454e+11
5.37666400e+00 3.04991811e+11
5.39266300e+00 3.00218748e+11
5.40866200e+00 2.95513460e+11
5.42466100e+00 2.90875147e+11
5.44066000e+00 2.86303015e+11
5.45665900e+00 2.81796273e+11
5.47265800e+00 2.77354140e+11
5.48865700e+00 2.72975836e+11
5.50465600e+00 2.68660591e+11
5.52065500e+00 2.64407637e+11
5.53665400e+00 2.60216215e+11
5.55265300e+00 2.56085569e+11
5.56865200e+00 2.52014952e+11
5.58465100e+00 2.48003620e+11
5.60065000e+00 2.44050837e+11
5.61664900e+00 2.40155872e+11
5.63264800e+00 2.36318001e+11
5.64864700e+00 2.32536506e+11
5.66464600e+00 2.28810675e+11
5.68064500e+00 2.25139801e+11
5.69664400e+00 2.21523184e+11
5.71264300e+00 2.17960132e+11
5.72864200e+00 2.14449957e+11
5.74464100e+00 2.10991977e+11
5.76064000e+00 2.07585518e+11
5.77663900e+00 2.04229911e+11
5.79263800e+00 2.00924495e+11
5.80863700e+00 1.97668612e+11
5.82463600e+00 1.94461614e+11
5.84063500e+00 1.91302856e+11
5.85663400e+00 1.88191703e+11
5.87263300e+00 1.85127522e+11
5.88863200e+00 1.82109689e+11
5.90463100e+00 1.79137586e+11
5.92063000e+00 1.76210601e+11
5.93662900e+00 1.73328128e+11
5.95262800e+00 1.70489568e+11
5.96862700e+00 1.67694326e+11
5.98462600e+00 1.64941816e+11
6.00062500e+00 1.62231457e+11
6.01662400e+00 1.59562674e+11
6.03262300e+00 1.56934898e+11
6.04862200e+00 1.54347567e+11
6.06462100e+00 1.51800124e+11
6.08062000e+00 1.49292018e+11
6.09661900e+00 1.46822706e+11
6.11261800e+00 1.44391649e+11
6.12861700e+00 1.41998314e+11
6.14461600e+00 1.39642176e+11
6.16061500e+00 1.37322714e+11
6.17661400e+00 1.35039413e+11
6.19261300e+00 1.32791764e+11
6.20861200e+00 1.30579265e+11
6.22461100e+00 1.28401419e+11
6.24061000e+00 1.26257734e+11
6.25660900e+00 1.24147725e+11
6.27260800e+00 1.22070912e+11
6.28860700e+00 1.20026821e+11
6.30460600e+00 1.18014983e+11
6.32060500e+00 1.16034936e+11
6.33660400e+00 1.14086221e+11
6.35260300e+00 1.12168388e+11
6.36860200e+00 1.10280989e+11
6.38460100e+00 1.08423584e+11
6.40060000e+00 1.06595736e+11
6.41659900e+00 1.04797017e+11
6.43259800e+00 1.03027000e+11
6.44859700e+00 1.01285266e+11
6.46459600e+00 9.95714011e+10
6.48059500e+00 9.78849954e+10
6.49659400e+00 9.62256448e+10
6.51259300e+00 9.45929505e+10
6.52859200e+00 9.29865183e+10
6.54459100e+00 9.14059593e+10
6.56059000e+00 8.98508896e+10
6.57658900e+00 8.83209299e+10
6.59258800e+00 8.68157062e+10
6.60858700e+00 8.53348491e+10
6.62458600e+00 8.38779938e+10
6.64058500e+00 8.24447808e+10
6.65658400e+00 8.10348547e+10
6.67258300e+00 7.96478652e+10
6.68858200e+00 7.82834663e+10
6.70458100e+00 7.69413169e+10
6.72058000e+00 7.56210801e+10
6.73657900e+00 7.43224236e+10
6.75257800e+00 7.30450196e+10
6.76857700e+00 7.17885447e+10
6.78457600e+00 7.05526797e+10
6.80057500e+00 6.93371099e+10
6.81657400e+00 6.81415247e+10
6.83257300e+00 6.69656177e+10
6.84857200e+00 6.58090868e+10
6.86457100e+00 6.46716340e+10
6.88057000e+00 6.35529654e+10
6.89656900e+00 6.24527909e+10
6.91256800e+00 6.13708248e+10
6.92856700e+00 6.03067850e+10
6.94456600e+00 5.92603934e+10
6.96056500e+00 5.82313760e+10
6.97656400e+00 5.72194623e+10
6.99256300e+00 5.62243858e+10
7.00856200e+00 5.52458836e+10
7.02456100e+00 5.42836965e+10
7.04056000e+00 5.33375691e+10
7.05655900e+00 5.24072494e+10
7.07255800e+00 5.14924892e+10
7.08855700e+00 5.05930437e+10
7.10455600e+00 4.97086716e+10
7.12055500e+00 4.88391349e+10
7.13655400e+00 4.79841994e+10
7.15255300e+00 4.71436339e+10
7.16855200e+00 4.63172106e+10
7.18455100e+00 4.55047051e+10
7.20055000e+00 4.47058962e+10
7.21654900e+00 4.39205658e+10
7.23254800e+00 4.31484991e+10
7.24854700e+00 4.23894844e+10
7.26454600e+00 4.16433131e+10
7.28054500e+00 4.09097795e+10
7.29654400e+00 4.01886812e+10
7.31254300e+00 3.94798186e+10
7.32854200e+00 3.87829949e+10
7.34454100e+00 3.80980165e+10
7.36054000e+00 3.74246925e+10
7.37653900e+00 3.67628348e+10
7.39253800e+00 3.61122583e+10
7.40853700e+00 3.54727804e+10
7.42453600e+00 3.48442213e+10
7.44053500e+00 3.42264040e+10
7.45653400e+00 3.36191540e+10
7.47253300e+00 3.30222996e+10
7.48853200e+00 3.24356714e+10
7.50453100e+00 3.18591029e+10
7.52053000e+00 3.12924299e+10
7.53652900e+00 3.07354907e+10
7.55252800e+00 3.01881261e+10
7.56852700e+00 2.96501792e+10
7.58452600e+00 2.91214957e+10
7.60052500e+00 2.86019235e+10
7.61652400e+00 2.80913128e+10
7.63252300e+00 2.75895162e+10
7.64852200e+00 2.70963885e+10
7.66452100e+00 2.66117868e+10
7.68052000e+00 2.61355702e+10
7.69651900e+00 2.56676002e+10
7.71251800e+00 2.52077403e+10
7.72851700e+00 2.47558562e+10
7.74451600e+00 2.43118156e+10
7.76051500e+00 2.38754883e+10
7.77651400e+00 2.34467461e+10
7.79251300e+00 2.30254628e+10
7.80851200e+00 2.26115142e+10
7.82451100e+00 2.22047779e+10
7.84051000e+00 2.18051337e+10
7.85650900e+00 2.14124630e+10
7.87250800e+00 2.10266493e+10
7.88850700e+00 2.06475776e+10
7.90450600e+00 2.02751350e+10
7.92050500e+00 1.99092103e+10
7.93650400e+00 1.95496941e+10
7.95250300e+00 1.91964786e+10
7.96850200e+00 1.88494578e+10
7.98450100e+00 1.85085274e+10
8.00050000e+00 1.81735846e+10
8.01649900e+00 1.78445285e+10
8.03249800e+00 1.75212596e+10
8.04849700e+00 1.72036801e+10
8.06449600e+00 1.68916936e+10
8.08049500e+00 1.65852055e+10
8.09649400e+00 1.62841225e+10
8.11249300e+00 1.59883528e+10
8.12849200e+00 1.56978062e+10
8.14449100e+00 1.54123939e+10
8.16049000e+00 1.51320285e+10
8.17648900e+00 1.48566241e+10
8.19248800e+00 1.45860960e+10
8.20848700e+00 1.43203611e+10
8.22448600e+00 1.40593375e+10
8.24048500e+00 1.38029446e+10
8.25648400e+00 1.35511032e+10
8.27248300e+00 1.33037354e+10
8.28848200e+00 1.30607645e+10
8.30448100e+00 1.28221150e+10
8.32048000e+00 1.25877128e+10
8.33647900e+00 1.23574850e+10
8.35247800e+00 1.21313596e+10
8.36847700e+00 1.19092661e+10
8.38447600e+00 1.16911350e+10
8.40047500e+00 1.14768981e+10
8.41647400e+00 1.12664881e+10
8.43247300e+00 1.10598389e+10
8.44847200e+00 1.08568856e+10
8.46447100e+00 1.06575641e+10
8.48047000e+00 1.04618117e+10
8.49646900e+00 1.02695665e+10
8.51246800e+00 1.00807677e+10
8.52846700e+00 9.89535549e+09
8.54446600e+00 9.71327106e+09
8.56046500e+00 9.53445657e+09
8.57646400e+00 9.35885515e+09
8.59246300e+00 9.18641088e+09
8.60846200e+00 9.01706877e+09
8.62446100e+00 8.85077473e+09
8.64046000e+00 8.68747558e+09
8.65645900e+00 8.52711905e+09
8.67245800e+00 8.36965373e+09
8.68845700e+00 8.21502905e+09
8.70445600e+00 8.06319532e+09
8.72045500e+00 7.91410366e+09
8.73645400e+00 7.76770603e+09
8.75245300e+00 7.62395519e+09
8.76845200e+00 7.48280470e+09
8.78445100e+00 7.34420888e+09
8.80045000e+00 7.20812284e+09
8.81644900e+00 7.07450245e+09
8.83244800e+00 6.94330433e+09
8.84844700e+00 6.81448581e+09
8.86444600e+00 6.68800496e+09
8.88044500e+00 6.56382055e+09
8.89644400e+00 6.44189208e+09
8.91244300e+00 6.32217969e+09
8.92844200e+00 6.20464423e+09
8.94444100e+00 6.08924720e+09
8.96044000e+00 5.97595078e+09
8.97643900e+00 5.86471777e+09
8.99243800e+00 5.75551160e+09
9.00843700e+00 5.64829635e+09
9.02443600e+00 5.54303670e+09
9.04043500e+00 5.43969792e+09
9.05643400e+00 5.33824591e+09
9.07243300e+00 5.23864711e+09
9.08843200e+00 5.14086858e+09
9.10443100e+00 5.04487791e+09
9.12043000e+00 4.95064326e+09
9.13642900e+00 4.85813334e+09
9.15242800e+00 4.76731740e+09
9.16842700e+00 4.67816522e+09
9.18442600e+00 4.59064708e+09
9.20042500e+00 4.50473380e+09
9.21642400e+00 4.42039669e+09
9.23242300e+00 4.33760757e+09
9.24842200e+00 4.25633872e+09
9.26442100e+00 4.17656292e+09
9.28042000e+00 4.09825343e+09
9.29641900e+00 4.02138394e+09
9.31241800e+00 3.94592863e+09
9.32841700e+00 3.87186212e+09
9.34441600e+00 3.79915945e+09
9.36041500e+00 3.72779613e+09
9.37641400e+00 3.65774806e+09
9.39241300e+00 3.58899159e+09
9.40841200e+00 3.52150346e+09
9.42441100e+00 3.45526083e+09
9.44041000e+00 3.39024125e+09
9.45640900e+00 3.32642267e+09
9.47240800e+00 3.26378341e+09
9.48840700e+00 3.20230219e+09
9.50440600e+00 3.14195809e+09
9.52040500e+00 3.08273055e+09
9.53640400e+00 3.02459940e+09
9.55240300e+00 2.96754479e+09
9.56840200e+00 2.91154724e+09
9.58440100e+00 2.85658759e+09
9.60040000e+00 2.80264705e+09
9.61639900e+00 2.74970712e+09
9.63239800e+00 2.69774968e+09
9.64839700e+00 2.64675686e+09
9.66439600e+00 2.59671117e+09
9.68039500e+00 2.54759540e+09
9.69639400e+00 2.49939263e+09
9.71239300e+00 2.45208626e+09
9.72839200e+00 2.40565997e+09
9.74439100e+00 2.36009776e+09
9.76039000e+00 2.31538387e+09
9.77638900e+00 2.27150284e+09
9.79238800e+00 2.22843948e+09
9.80838700e+00 2.18617889e+09
9.82438600e+00 2.14470640e+09
9.84038500e+00 2.10400762e+09
9.85638400e+00 2.06406841e+09
9.87238300e+00 2.02487490e+09
9.88838200e+00 1.98641344e+09
9.90438100e+00 1.94867064e+09
9.92038000e+00 1.91163334e+09
9.93637900e+00 1.87528861e+09
9.95237800e+00 1.83962378e+09
9.96837700e+00 1.80462636e+09
9.98437600e+00 1.77028413e+09
1.00003750e+01 1.73658505e+09
1.00163740e+01 1.70351733e+09
1.00323730e+01 1.67106935e+09
1.00483720e+01 1.63922974e+09
1.00643710e+01 1.60798731e+09
1.00803700e+01 1.57733108e+09
1.00963690e+01 1.54725025e+09
1.01123680e+01 1.51773423e+09
1.01283670e+01 1.48877262e+09
1.01443660e+01 1.46035521e+09
1.01603650e+01 1.43247196e+09
1.01763640e+01 1.40511302e+09
1.01923630e+01 1.37826871e+09
1.02083620e+01 1.35192953e+09
1.02243610e+01 1.32608617e+09
1.02403600e+01 1.30072944e+09
1.02563590e+01 1.27585036e+09
1.02723580e+01 1.25144010e+09
1.02883570e+01 1.22748998e+09
1.03043560e+01 1.20399149e+09
1.03203550e+01 1.18093626e+09
1.03363540e+01 1.15831608e+09
1.03523530e+01 1.13612288e+09
1.03683520e+01 1.11434876e+09
1.03843510e+01 1.09298594e+09
1.04003500e+01 1.07202678e+09
1.04163490e+01 1.05146380e+09
1.04323480e+01 1.03128963e+09
1.04483470e+01 1.01149705e+09
1.04643460e+01 9.92078975e+08
1.04803450e+01 9.73028430e+08
1.04963440e+01 9.54338583e+08
1.05123430e+01 9.36002721e+08
1.05283420e+01 9.18014253e+08
1.05443410e+01 9.00366709e+08
1.05603400e+01 8.83053738e+08
1.05763390e+01 8.66069101e+08
1.05923380e+01 8.49406678e+08
1.06083370e+01 8.33060457e+08
1.06243360e+01 8.17024537e+08
1.06403350e+01 8.01293125e+08
1.06563340e+01 7.85860534e+08
1.06723330e+01 7.70721179e+08
1.06883320e+01 7.55869582e+08
1.07043310e+01 7.41300359e+08
1.07203300e+01 7.27008231e+08
1.07363290e+01 7.12988011e+08
1.07523280e+01 6.99234609e+08
1.07683270e+01 6.85743029e+08
1.07843260e+01 6.72508365e+08
1.08003250e+01 6.59525802e+08
1.08163240e+01 6.46790615e+08
1.08323230e+01 6.34298162e+08
1.08483220e+01 6.22043891e+08
1.08643210e+01 6.10023331e+08
1.08803200e+01 5.98232092e+08
1.08963190e+01 5.86665869e+08
1.09123180e+01 5.75320433e+08
1.09283170e+01 5.64191634e+08
1.09443160e+01 5.53275398e+08
1.09603150e+01 5.42567727e+08
1.09763140e+01 5.32064696e+08
1.09923130e+01 5.21762454e+08
1.10083120e+01 5.11657219e+08
1.10243110e+01 5.01745280e+08
1.10403100e+01 4.92022995e+08
1.10563090e+01 4.82486788e+08
1.10723080e+01 4.73133152e+08
1.10883070e+01 4.63958641e+08
1.11043060e+01 4.54959877e+08
1.11203050e+01 4.46133540e+08
1.11363040e+01 4.37476376e+08
1.11523030e+01 4.28985188e+08
1.11683020e+01 4.20656841e+08
1.11843010e+01 4.12488256e+08
1.12003000e+01 4.04476412e+08
1.12162990e+01 3.96618345e+08
1.12322980e+01 3.88911144e+08
1.12482970e+01 3.81351955e+08
1.12642960e+01 3.73937974e+08
1.12802950e+01 3.66666452e+08
1.12962940e+01 3.59534689e+08
1.13122930e+01 3.52540036e+08
1.13282920e+01 3.45679894e+08
1.13442910e+01 3.38951712e+08
1.13602900e+01 3.32352986e+08
1.13762890e+01 3.25881260e+08
1.13922880e+01 3.19534122e+08
1.14082870e+01 3.13309207e+08
1.14242860e+01 3.07204192e+08
1.14402850e+01 3.01216800e+08
1.14562840e+01 2.95344795e+08
1.14722830e+01 2.89585982e+08
1.14882820e+01 2.83938210e+08
1.15042810e+01 2.78399364e+08
1.15202800e+01 2.72967372e+08
1.15362790e+01 2.67640200e+08
1.15522780e+01 2.62415852e+08
1.15682770e+01 2.57292368e+08
1.15842760e+01 2.52267827e+08
1.16002750e+01 2.47340343e+08
1.16162740e+01 2.42508065e+08
1.16322730e+01 2.37769178e+08
1.16482720e+01 2.33121899e+08
1.16642710e+01 2.28564480e+08
1.16802700e+01 2.24095205e+08
1.16962690e+01 2.19712393e+08
1.17122680e+01 2.15414390e+08
1.17282670e+01 2.11199577e+08
1.17442660e+01 2.07066363e+08
1.17602650e+01 2.03013189e+08
1.17762640e+01 1.99038523e+08
1.17922630e+01 1.95140864e+08
1.18082620e+01 1.91318739e+08
1.18242610e+01 1.87570701e+08
1.18402600e+01 1.83895332e+08
1.18562590e+01 1.80291240e+08
1.18722580e+01 1.76757060e+08
1.18882570e+01 1.73291452e+08
1.19042560e+01 1.69893102e+08
1.19202550e+01 1.66560719e+08
1.19362540e+01 1.63293040e+08
1.19522530e+01 1.60088822e+08
1.19682520e+01 1.56946847e+08
1.19842510e+01 1.53865922e+08
1.20002500e+01 1.50844873e+08
1.20162490e+01 1.47882551e+08
1.20322480e+01 1.44977827e+08
1.20482470e+01 1.42129595e+08
1.20642460e+01 1.39336769e+08
1.20802450e+01 1.36598283e+08
1.20962440e+01 1.33913092e+08
1.21122430e+01 1.31280172e+08
1.21282420e+01 1.28698516e+08
1.21442410e+01 1.26167137e+08
1.21602400e+01 1.23685068e+08
1.21762390e+01 1.21251359e+08
1.21922380e+01 1.18865078e+08
1.22082370e+01 1.16525311e+08
1.22242360e+01 1.14231163e+08
1.22402350e+01 1.11981752e+08
1.22562340e+01 1.09776218e+08
1.22722330e+01 1.07613713e+08
1.22882320e+01 1.05493408e+08
1.23042310e+01 1.03414487e+08
1.23202300e+01 1.01376152e+08
1.23362290e+01 9.93776192e+07
1.23522280e+01 9.74181202e+07
1.23682270e+01 9.54969007e+07
1.23842260e+01 9.36132209e+07
1.24002250e+01 9.17663553e+07
1.24162240e+01 8.99555922e+07
1.24322230e+01 8.81802333e+07
1.24482220e+01 8.64395939e+07
1.24642210e+01 8.47330022e+07
1.24802200e+01 8.30597992e+07
1.24962190e+01 8.14193388e+07
1.25122180e+01 7.98109867e+07
1.25282170e+01 7.82341213e+07
1.25442160e+01 7.66881326e+07
1.25602150e+01 7.51724223e+07
1.25762140e+01 7.36864034e+07
1.25922130e+01 7.22295005e+07
1.26082120e+01 7.08011490e+07
1.26242110e+01 6.94007950e+07
1.26402100e+01 6.80278954e+07
1.26562090e+01 6.66819175e+07
1.26722080e+01 6.53623387e+07
1.26882070e+01 6.40686465e+07
1.27042060e+01 6.28003382e+07
1.27202050e+01 6.15569208e+07
1.27362040e+01 6.03379107e+07
1.27522030e+01 5.91428335e+07
1.27682020e+01 5.79712242e+07
1.27842010e+01 5.68226264e+07
1.28002000e+01 5.56965927e+07
1.28161990e+01 5.45926842e+07
1.28321980e+01 5.35104704e+07
1.28481970e+01 5.24495292e+07
1.28641960e+01 5.14094464e+07
1.28801950e+01 5.03898161e+07
1.28961940e+01 4.93902400e+07
1.29121930e+01 4.84103273e+07
1.29281920e+01 4.74496951e+07
1.29441910e+01 4.65079677e+07
1.29601900e+01 4.55847766e+07
1.29761890e+01 4.46797604e+07
1.29921880e+01 4.37925647e+07
1.30081870e+01 4.29228419e+07
1.30241860e+01 4.20702513e+07
1.30401850e+01 4.12344584e+07
1.30561840e+01 4.04151355e+07
1.30721830e+01 3.96119611e+07
1.30881820e+01 3.88246198e+07
1.31041810e+01 3.80528025e+07
1.31201800e+01 3.72962058e+07
1.31361790e+01 3.65545325e+07
1.31521780e+01 3.58274908e+07
1.31681770e+01 3.51147948e+07
1.31841760e+01 3.44161640e+07
1.32001750e+01 3.37313234e+07
1.32161740e+01 3.30600032e+07
1.32321730e+01 3.24019390e+07
1.32481720e+01 3.17568713e+07
1.32641710e+01 3.11245459e+07
1.32801700e+01 3.05047132e+07
1.32961690e+01 2.98971286e+07
1.33121680e+01 2.93015523e+07
1.33281670e+01 2.87177491e+07
1.33441660e+01 2.81454884e+07
1.33601650e+01 2.75845438e+07
1.33761640e+01 2.70346937e+07
1.33921630e+01 2.64957205e+07
1.34081620e+01 2.59674110e+07
1.34241610e+01 2.54495559e+07
1.34401600e+01 2.49419504e+07
1.34561590e+01 2.44443931e+07
1.34721580e+01 2.39566871e+07
1.34881570e+01 2.34786388e+07
1.35041560e+01 2.30100587e+07
1.35201550e+01 2.25507609e+07
1.35361540e+01 2.21005631e+07
1.35521530e+01 2.16592865e+07
1.35681520e+01 2.12267558e+07
1.35841510e+01 2.08027992e+07
1.36001500e+01 2.03872481e+07
1.36161490e+01 1.99799373e+07
1.36321480e+01 1.95807047e+07
1.36481470e+01 1.91893916e+07
1.36641460e+01 1.88058420e+07
1.36801450e+01 1.84299033e+07
1.36961440e+01 1.80614256e+07
1.37121430e+01 1.77002622e+07
1.37281420e+01 1.73462690e+07
1.37441410e+01 1.69993049e+07
1.37601400e+01 1.66592314e+07
1.37761390e+01 1.63259128e+07
1.37921380e+01 1.59992160e+07
1.38081370e+01 1.56790106e+07
1.38241360e+01 1.53651685e+07
1.38401350e+01 1.50575645e+07
1.38561340e+01 1.47560753e+07
1.38721330e+01 1.44605806e+07
1.38881320e+01 1.41709620e+07
1.39041310e+01 1.38871037e+07
1.39201300e+01 1.36088920e+07
1.39361290e+01 1.33362154e+07
1.39521280e+01 1.30689646e+07
1.39681270e+01 1.28070327e+07
1.39841260e+01 1.25503145e+07
1.40001250e+01 1.22987071e+07
1.40161240e+01 1.20521096e+07
1.40321230e+01 1.18104229e+07
1.40481220e+01 1.15735500e+07
1.40641210e+01 1.13413959e+07
1.40801200e+01 1.11138671e+07
1.40961190e+01 1.08908723e+07
1.41121180e+01 1.06723218e+07
1.41281170e+01 1.04581277e+07
1.41441160e+01 1.02482038e+07
1.41601150e+01 1.00424658e+07
1.41761140e+01 9.84083059e+06
1.41921130e+01 9.64321714e+06
1.42081120e+01 9.44954580e+06
1.42241110e+01 9.25973852e+06
1.42401100e+01 9.07371878e+06
1.42561090e+01 8.89141158e+06
1.42721080e+01 8.71274337e+06
1.42881070e+01 8.53764205e+06
1.43041060e+01 8.36603694e+06
1.43201050e+01 8.19785874e+06
1.43361040e+01 8.03303954e+06
1.43521030e+01 7.87151273e+06
1.43681020e+01 7.71321303e+06
1.43841010e+01 7.55807643e+06
1.44001000e+01 7.40604019e+06
1.44160990e+01 7.25704280e+06
1.44320980e+01 7.11102396e+06
1.44480970e+01 6.96792456e+06
1.44640960e+01 6.82768665e+06
1.44800950e+01 6.69025342e+06
1.44960940e+01 6.55556917e+06
1.45120930e+01 6.42357932e+06
1.45280920e+01 6.29423035e+06
1.45440910e+01 6.16746979e+06
1.45600900e+01 6.04324621e+06
1.45760890e+01 5.92150920e+06
1.45920880e+01 5.80220934e+06
1.46080870e+01 5.68529816e+06
1.46240860e+01 5.57072819e+06
1.46400850e+01 5.45845287e+06
1.46560840e+01 5.34842655e+06
1.46720830e+01 5.24060450e+06
1.46880820e+01 5.13494287e+06
1.47040810e+01 5.03139866e+06
1.47200800e+01 4.92992974e+06
1.47360790e+01 4.83049479e+06
1.47520780e+01 4.73305334e+06
1.47680770e+01 4.63756567e+06
1.47840760e+01 4.54399289e+06
1.48000750e+01 4.45229685e+06
1.48160740e+01 4.36244017e+06
1.48320730e+01 4.27438619e+06
1.48480720e+01 4.18809901e+06
1.48640710e+01 4.10354340e+06
1.48800700e+01 4.02068486e+06
1.48960690e+01 3.93948954e+06
1.49120680e+01 3.85992428e+06
1.49280670e+01 3.78195658e+06
1.49440660e+01 3.70555457e+06
1.49600650e+01 3.63068702e+06
1.49760640e+01 3.55732331e+06
1.49920630e+01 3.48543343e+06
1.50080620e+01 3.41498798e+06
1.50240610e+01 3.34595811e+06
1.50400600e+01 3.27831558e+06
1.50560590e+01 3.21203267e+06
1.50720580e+01 3.14708223e+06
1.50880570e+01 3.08343766e+06
1.51040560e+01 3.02107286e+06
1.51200550e+01 2.95996227e+06
1.51360540e+01 2.90008083e+06
1.51520530e+01 2.84140397e+06
1.51680520e+01 2.78390761e+06
1.51840510e+01 2.72756816e+06
1.52000500e+01 2.67236249e+06
1.52160490e+01 2.61826792e+06
1.52320480e+01 2.56526223e+06
1.52480470e+01 2.51332364e+06
1.52640460e+01 2.46243081e+06
1.52800450e+01 2.41256280e+06
1.52960440e+01 2.36369912e+06
1.53120430e+01 2.31581966e+06
1.53280420e+01 2.26890472e+06
1.53440410e+01 2.22293499e+06
1.53600400e+01 2.17789154e+06
1.53760390e+01 2.13375583e+06
1.53920380e+01 2.09050967e+06
1.54080370e+01 2.04813525e+06
1.54240360e+01 2.00661510e+06
1.54400350e+01 1.96593210e+06
1.54560340e+01 1.92606948e+06
1.54720330e+01 1.88701079e+06
1.54880320e+01 1.84873992e+06
1.55040310e+01 1.81124108e+06
1.55200300e+01 1.77449878e+06
1.55360290e+01 1.73849786e+06
1.55520280e+01 1.70322344e+06
1.55680270e+01 1.66866094e+06
1.55840260e+01 1.63479610e+06
1.56000250e+01 1.60161490e+06
1.56160240e+01 1.56910363e+06
1.56320230e+01 1.53724885e+06
1.56480220e+01 1.50603737e+06
1.56640210e+01 1.47545628e+06
1.56800200e+01 1.44549292e+06
1.56960190e+01 1.41613489e+06
1.57120180e+01 1.38737004e+06
1.57280170e+01 1.35918643e+06
1.57440160e+01 1.33157240e+06
1.57600150e+01 1.30451651e+06
1.57760140e+01 1.27800754e+06
1.57920130e+01 1.25203449e+06
1.58080120e+01 1.22658659e+06
1.58240110e+01 1.20165329e+06
1.58400100e+01 1.17722424e+06
1.58560090e+01 1.15328930e+06
1.58720080e+01 1.12983853e+06
1.58880070e+01 1.10686220e+06
1.59040060e+01 1.08435075e+06
1.59200050e+01 1.06229485e+06
1.59360040e+01 1.04068531e+06
1.59520030e+01 1.01951316e+06
1.59680020e+01 9.98769601e+05
1.59840010e+01 9.78445994e+05
