# 2026-05-06 | 11:03:53 | Calculation performed with SolarAxionFlux v1.1; g_agamma = 1.000000e-10 GeV^-1, g_ae = 1.000000e-13.
# Spectral flux over full solar volume.
# Columns: energy values [keV] | axion flux [cm^-2 s^-1 keV^-1]
1.00000000e-03 1.42639097e+02
1.69990000e-02 3.95643504e+04
3.29980000e-02 7.17118180e+04
4.89970000e-02 6.95743809e+04
6.49960000e-02 7.90109973e+04
8.09950000e-02 1.46120337e+05
9.69940000e-02 3.09296640e+05
1.12993000e-01 6.04702477e+05
1.28992000e-01 1.06865648e+06
1.44991000e-01 1.73820993e+06
1.60990000e-01 2.65065675e+06
1.76989000e-01 3.84367171e+06
1.92988000e-01 5.35484743e+06
2.08987000e-01 7.22193101e+06
2.24986000e-01 9.48182933e+06
2.40985000e-01 1.21708132e+07
2.56984000e-01 1.53234067e+07
2.72983000e-01 1.89727165e+07
2.88982000e-01 2.31496602e+07
3.04981000e-01 2.78829201e+07
3.20980000e-01 3.31988796e+07
3.36979000e-01 3.91215696e+07
3.52978000e-01 4.56726264e+07
3.68977000e-01 5.28712621e+07
3.84976000e-01 6.07342526e+07
4.00975000e-01 6.92759437e+07
4.16974000e-01 7.85082717e+07
4.32973000e-01 8.84407970e+07
4.48972000e-01 9.90807493e+07
4.64971000e-01 1.10433083e+08
4.80970000e-01 1.22500540e+08
4.96969000e-01 1.35283721e+08
5.12968000e-01 1.48781163e+08
5.28967000e-01 1.62989418e+08
5.44966000e-01 1.77903141e+08
5.60965000e-01 1.93515177e+08
5.76964000e-01 2.09816653e+08
5.92963000e-01 2.26797069e+08
6.08962000e-01 2.44444392e+08
6.24961000e-01 2.62745151e+08
6.40960000e-01 2.81684528e+08
6.56959000e-01 3.01246453e+08
6.72958000e-01 3.21413695e+08
6.88957000e-01 3.42167957e+08
7.04956000e-01 3.63489959e+08
7.20955000e-01 3.85359530e+08
7.36954000e-01 4.07755693e+08
7.52953000e-01 4.30656750e+08
7.68952000e-01 4.54040358e+08
7.84951000e-01 4.77883613e+08
8.00950000e-01 5.02163122e+08
8.16949000e-01 5.26856047e+08
8.32948000e-01 5.51936294e+08
8.48947000e-01 5.77380412e+08
8.64946000e-01 6.03246965e+08
8.80945000e-01 6.29343786e+08
8.96944000e-01 6.55730083e+08
9.12943000e-01 6.82300970e+08
9.28942000e-01 7.09192767e+08
9.44941000e-01 7.36299503e+08
9.60940000e-01 7.63596472e+08
9.76939000e-01 7.91059126e+08
9.92938000e-01 8.18663120e+08
1.00893700e+00 8.46384352e+08
1.02493600e+00 8.74199000e+08
1.04093500e+00 9.02083553e+08
1.05693400e+00 9.30014848e+08
1.07293300e+00 9.57970094e+08
1.08893200e+00 9.85926902e+08
1.10493100e+00 1.01386331e+09
1.12093000e+00 1.04175780e+09
1.13692900e+00 1.06958934e+09
1.15292800e+00 1.09733736e+09
1.16892700e+00 1.12498181e+09
1.18492600e+00 1.15250316e+09
1.20092500e+00 1.17988241e+09
1.21692400e+00 1.20711286e+09
1.23292300e+00 1.23414188e+09
1.24892200e+00 1.26098622e+09
1.26492100e+00 1.28761797e+09
1.28092000e+00 1.31402092e+09
1.29691900e+00 1.34017944e+09
1.31291800e+00 1.36607848e+09
1.32891700e+00 1.39172324e+09
1.34491600e+00 1.41706170e+09
1.36091500e+00 1.44209901e+09
1.37691400e+00 1.46682246e+09
1.39291300e+00 1.49121986e+09
1.40891200e+00 1.51527965e+09
1.42491100e+00 1.53899079e+09
1.44091000e+00 1.56234283e+09
1.45690900e+00 1.58532585e+09
1.47290800e+00 1.60793052e+09
1.48890700e+00 1.63014801e+09
1.50490600e+00 1.65197005e+09
1.52090500e+00 1.67338889e+09
1.53690400e+00 1.69439729e+09
1.55290300e+00 1.71498854e+09
1.56890200e+00 1.73515642e+09
1.58490100e+00 1.75489518e+09
1.60090000e+00 1.77419958e+09
1.61689900e+00 1.79306484e+09
1.63289800e+00 1.81148663e+09
1.64889700e+00 1.82946107e+09
1.66489600e+00 1.84698473e+09
1.68089500e+00 1.86405461e+09
1.69689400e+00 1.88066810e+09
1.71289300e+00 1.89682301e+09
1.72889200e+00 1.91251756e+09
1.74489100e+00 1.92775031e+09
1.76089000e+00 1.94252024e+09
1.77688900e+00 1.95682665e+09
1.79288800e+00 1.97066920e+09
1.80888700e+00 1.98404791e+09
1.82488600e+00 1.99696308e+09
1.84088500e+00 2.00941536e+09
1.85688400e+00 2.02140568e+09
1.87288300e+00 2.03293530e+09
1.88888200e+00 2.04400571e+09
1.90488100e+00 2.05461870e+09
1.92088000e+00 2.06477633e+09
1.93687900e+00 2.07448088e+09
1.95287800e+00 2.08373489e+09
1.96887700e+00 2.09254112e+09
1.98487600e+00 2.10090255e+09
2.00087500e+00 2.10882238e+09
2.01687400e+00 2.11630399e+09
2.03287300e+00 2.12335097e+09
2.04887200e+00 2.12996707e+09
2.06487100e+00 2.13615623e+09
2.08087000e+00 2.14192253e+09
2.09686900e+00 2.14727024e+09
2.11286800e+00 2.15220373e+09
2.12886700e+00 2.15672755e+09
2.14486600e+00 2.16084634e+09
2.16086500e+00 2.16456489e+09
2.17686400e+00 2.16788809e+09
2.19286300e+00 2.17082093e+09
2.20886200e+00 2.17336852e+09
2.22486100e+00 2.17553603e+09
2.24086000e+00 2.17732874e+09
2.25685900e+00 2.17875199e+09
2.27285800e+00 2.17981120e+09
2.28885700e+00 2.18051185e+09
2.30485600e+00 2.18085948e+09
2.32085500e+00 2.18085969e+09
2.33685400e+00 2.18052031e+09
2.35285300e+00 2.17984250e+09
2.36885200e+00 2.17883431e+09
2.38485100e+00 2.17750146e+09
2.40085000e+00 2.17584974e+09
2.41684900e+00 2.17388492e+09
2.43284800e+00 2.17161281e+09
2.44884700e+00 2.16903922e+09
2.46484600e+00 2.16616998e+09
2.48084500e+00 2.16301091e+09
2.49684400e+00 2.15956782e+09
2.51284300e+00 2.15584654e+09
2.52884200e+00 2.15185288e+09
2.54484100e+00 2.14759261e+09
2.56084000e+00 2.14307154e+09
2.57683900e+00 2.13829540e+09
2.59283800e+00 2.13326993e+09
2.60883700e+00 2.12800086e+09
2.62483600e+00 2.12249385e+09
2.64083500e+00 2.11675455e+09
2.65683400e+00 2.11078859e+09
2.67283300e+00 2.10460154e+09
2.68883200e+00 2.09819894e+09
2.70483100e+00 2.09158630e+09
2.72083000e+00 2.08476907e+09
2.73682900e+00 2.07775267e+09
2.75282800e+00 2.07054246e+09
2.76882700e+00 2.06314377e+09
2.78482600e+00 2.05556185e+09
2.80082500e+00 2.04780193e+09
2.81682400e+00 2.03986917e+09
2.83282300e+00 2.03176869e+09
2.84882200e+00 2.02350552e+09
2.86482100e+00 2.01508468e+09
2.88082000e+00 2.00651110e+09
2.89681900e+00 1.99778966e+09
2.91281800e+00 1.98892518e+09
2.92881700e+00 1.97992242e+09
2.94481600e+00 1.97078608e+09
2.96081500e+00 1.96152080e+09
2.97681400e+00 1.95213115e+09
2.99281300e+00 1.94262165e+09
3.00881200e+00 1.93299673e+09
3.02481100e+00 1.92326078e+09
3.04081000e+00 1.91341813e+09
3.05680900e+00 1.90347301e+09
3.07280800e+00 1.89342963e+09
3.08880700e+00 1.88329211e+09
3.10480600e+00 1.87306450e+09
3.12080500e+00 1.86275080e+09
3.13680400e+00 1.85235493e+09
3.15280300e+00 1.84188075e+09
3.16880200e+00 1.83133206e+09
3.18480100e+00 1.82071260e+09
3.20080000e+00 1.80998810e+09
3.21679900e+00 1.79923931e+09
3.23279800e+00 1.78843055e+09
3.24879700e+00 1.77771183e+09
3.26479600e+00 1.76679286e+09
3.28079500e+00 1.75582413e+09
3.29679400e+00 1.74480890e+09
3.31279300e+00 1.73375040e+09
3.32879200e+00 1.72265178e+09
3.34479100e+00 1.71151612e+09
3.36079000e+00 1.70034645e+09
3.37678900e+00 1.68914574e+09
3.39278800e+00 1.67791689e+09
3.40878700e+00 1.66666274e+09
3.42478600e+00 1.65538609e+09
3.44078500e+00 1.64408964e+09
3.45678400e+00 1.63277606e+09
3.47278300e+00 1.62144796e+09
3.48878200e+00 1.61010789e+09
3.50478100e+00 1.59875833e+09
3.52078000e+00 1.58740172e+09
3.53677900e+00 1.57604043e+09
3.55277800e+00 1.56467679e+09
3.56877700e+00 1.55331307e+09
3.58477600e+00 1.54195146e+09
3.60077500e+00 1.53059414e+09
3.61677400e+00 1.51924320e+09
3.63277300e+00 1.50790071e+09
3.64877200e+00 1.49656865e+09
3.66477100e+00 1.48524899e+09
3.68077000e+00 1.47394362e+09
3.69676900e+00 1.46265439e+09
3.71276800e+00 1.45138311e+09
3.72876700e+00 1.44013152e+09
3.74476600e+00 1.42890133e+09
3.76076500e+00 1.41769420e+09
3.77676400e+00 1.40651175e+09
3.79276300e+00 1.39535554e+09
3.80876200e+00 1.38422710e+09
3.82476100e+00 1.37312789e+09
3.84076000e+00 1.36205937e+09
3.85675900e+00 1.35102291e+09
3.87275800e+00 1.33996926e+09
3.88875700e+00 1.32900111e+09
3.90475600e+00 1.31806897e+09
3.92075500e+00 1.30717406e+09
3.93675400e+00 1.29631757e+09
3.95275300e+00 1.28550065e+09
3.96875200e+00 1.27472442e+09
3.98475100e+00 1.26398994e+09
4.00075000e+00 1.25329827e+09
4.01674900e+00 1.24265040e+09
4.03274800e+00 1.23204731e+09
4.04874700e+00 1.22148992e+09
4.06474600e+00 1.21097914e+09
4.08074500e+00 1.20051583e+09
4.09674400e+00 1.19011216e+09
4.11274300e+00 1.17974629e+09
4.12874200e+00 1.16943030e+09
4.14474100e+00 1.15916492e+09
4.16074000e+00 1.14895088e+09
4.17673900e+00 1.13878884e+09
4.19273800e+00 1.12867946e+09
4.20873700e+00 1.11862337e+09
4.22473600e+00 1.10862116e+09
4.24073500e+00 1.09877925e+09
4.25673400e+00 1.08888634e+09
4.27273300e+00 1.07904894e+09
4.28873200e+00 1.06926753e+09
4.30473100e+00 1.05954258e+09
4.32073000e+00 1.04987452e+09
4.33672900e+00 1.04026379e+09
4.35272800e+00 1.03071076e+09
4.36872700e+00 1.02121580e+09
4.38472600e+00 1.01177928e+09
4.40072500e+00 1.00240150e+09
4.41672400e+00 9.93082788e+08
4.43272300e+00 9.83823412e+08
4.44872200e+00 9.74623640e+08
4.46472100e+00 9.65483716e+08
4.48072000e+00 9.56403865e+08
4.49671900e+00 9.47384291e+08
4.51271800e+00 9.38425183e+08
4.52871700e+00 9.29526709e+08
4.54471600e+00 9.20689020e+08
4.56071500e+00 9.11912252e+08
4.57671400e+00 9.03196521e+08
4.59271300e+00 8.94541929e+08
4.60871200e+00 8.85948563e+08
4.62471100e+00 8.77416491e+08
4.64071000e+00 8.68945770e+08
4.65670900e+00 8.60536439e+08
4.67270800e+00 8.52188526e+08
4.68870700e+00 8.43902042e+08
4.70470600e+00 8.35676986e+08
4.72070500e+00 8.27513344e+08
4.73670400e+00 8.19411090e+08
4.75270300e+00 8.11370183e+08
4.76870200e+00 8.03390573e+08
4.78470100e+00 7.95472196e+08
4.80070000e+00 7.87614977e+08
4.81669900e+00 7.79818832e+08
4.83269800e+00 7.72083664e+08
4.84869700e+00 7.64409367e+08
4.86469600e+00 7.56795823e+08
4.88069500e+00 7.49242905e+08
4.89669400e+00 7.41750479e+08
4.91269300e+00 7.34318399e+08
4.92869200e+00 7.26946510e+08
4.94469100e+00 7.19634650e+08
4.96069000e+00 7.12382648e+08
4.97668900e+00 7.05190325e+08
4.99268800e+00 6.98057493e+08
5.00868700e+00 6.90983959e+08
5.02468600e+00 6.83969520e+08
5.04068500e+00 6.77013968e+08
5.05668400e+00 6.70117086e+08
5.07268300e+00 6.63179012e+08
5.08868200e+00 6.56398921e+08
5.10468100e+00 6.49676818e+08
5.12068000e+00 6.43012462e+08
5.13667900e+00 6.36405606e+08
5.15267800e+00 6.29856000e+08
5.16867700e+00 6.23363387e+08
5.18467600e+00 6.16927505e+08
5.20067500e+00 6.10548087e+08
5.21667400e+00 6.04224862e+08
5.23267300e+00 5.97957556e+08
5.24867200e+00 5.91745887e+08
5.26467100e+00 5.85589572e+08
5.28067000e+00 5.79488325e+08
5.29666900e+00 5.73441852e+08
5.31266800e+00 5.67449859e+08
5.32866700e+00 5.61512048e+08
5.34466600e+00 5.55628118e+08
5.36066500e+00 5.49797763e+08
5.37666400e+00 5.44020677e+08
5.39266300e+00 5.38296549e+08
5.40866200e+00 5.32625067e+08
5.42466100e+00 5.27005915e+08
5.44066000e+00 5.21438777e+08
5.45665900e+00 5.15923332e+08
5.47265800e+00 5.10459158e+08
5.48865700e+00 5.05046133e+08
5.50465600e+00 4.99683832e+08
5.52065500e+00 4.94371927e+08
5.53665400e+00 4.89110090e+08
5.55265300e+00 4.83897991e+08
5.56865200e+00 4.78700259e+08
5.58465100e+00 4.73587118e+08
5.60065000e+00 4.68522713e+08
5.61664900e+00 4.63506709e+08
5.63264800e+00 4.58538772e+08
5.64864700e+00 4.53618566e+08
5.66464600e+00 4.48745754e+08
5.68064500e+00 4.43919999e+08
5.69664400e+00 4.39140964e+08
5.71264300e+00 4.34408310e+08
5.72864200e+00 4.29721701e+08
5.74464100e+00 4.25080796e+08
5.76064000e+00 4.20485257e+08
5.77663900e+00 4.15934747e+08
5.79263800e+00 4.11428926e+08
5.80863700e+00 4.06967456e+08
5.82463600e+00 4.02549998e+08
5.84063500e+00 3.98176215e+08
5.85663400e+00 3.93845769e+08
5.87263300e+00 3.89558323e+08
5.88863200e+00 3.85313540e+08
5.90463100e+00 3.81111083e+08
5.92063000e+00 3.76950617e+08
5.93662900e+00 3.72831806e+08
5.95262800e+00 3.68754317e+08
5.96862700e+00 3.64717815e+08
5.98462600e+00 3.60721968e+08
6.00062500e+00 3.56766444e+08
6.01662400e+00 3.52850911e+08
6.03262300e+00 3.48975039e+08
6.04862200e+00 3.45138500e+08
6.06462100e+00 3.41340965e+08
6.08062000e+00 3.37582108e+08
6.09661900e+00 3.33861601e+08
6.11261800e+00 3.30179121e+08
6.12861700e+00 3.26534344e+08
6.14461600e+00 3.22926948e+08
6.16061500e+00 3.19356611e+08
6.17661400e+00 3.15823015e+08
6.19261300e+00 3.12325840e+08
6.20861200e+00 3.08864771e+08
6.22461100e+00 3.05439490e+08
6.24061000e+00 3.02049685e+08
6.25660900e+00 2.98695042e+08
6.27260800e+00 2.95375251e+08
6.28860700e+00 2.92108364e+08
6.30460600e+00 2.88857075e+08
6.32060500e+00 2.85639717e+08
6.33660400e+00 2.82455986e+08
6.35260300e+00 2.79305577e+08
6.36860200e+00 2.76188189e+08
6.38460100e+00 2.73103522e+08
6.40060000e+00 2.70051279e+08
6.41659900e+00 2.67031161e+08
6.43259800e+00 2.64042875e+08
6.44859700e+00 2.61086126e+08
6.46459600e+00 2.58160625e+08
6.48059500e+00 2.55266080e+08
6.49659400e+00 2.52402204e+08
6.51259300e+00 2.49568711e+08
6.52859200e+00 2.46765316e+08
6.54459100e+00 2.43991737e+08
6.56059000e+00 2.41247694e+08
6.57658900e+00 2.38532906e+08
6.59258800e+00 2.35847098e+08
6.60858700e+00 2.33180574e+08
6.62458600e+00 2.30552097e+08
6.64058500e+00 2.27951776e+08
6.65658400e+00 2.25379341e+08
6.67258300e+00 2.22834525e+08
6.68858200e+00 2.20317061e+08
6.70458100e+00 2.17826685e+08
6.72058000e+00 2.15363135e+08
6.73657900e+00 2.12926152e+08
6.75257800e+00 2.10528264e+08
6.76857700e+00 2.08143452e+08
6.78457600e+00 2.05784438e+08
6.80057500e+00 2.03439625e+08
6.81657400e+00 2.01131629e+08
6.83257300e+00 1.98848677e+08
6.84857200e+00 1.96590521e+08
6.86457100e+00 1.94356917e+08
6.88057000e+00 1.92147621e+08
6.89656900e+00 1.89962391e+08
6.91256800e+00 1.87800989e+08
6.92856700e+00 1.85663176e+08
6.94456600e+00 1.83548717e+08
6.96056500e+00 1.81457378e+08
6.97656400e+00 1.79388927e+08
6.99256300e+00 1.77343133e+08
7.00856200e+00 1.75319768e+08
7.02456100e+00 1.73318607e+08
7.04056000e+00 1.71339423e+08
7.05655900e+00 1.69381995e+08
7.07255800e+00 1.67446102e+08
7.08855700e+00 1.65531524e+08
7.10455600e+00 1.63638044e+08
7.12055500e+00 1.61765447e+08
7.13655400e+00 1.59913520e+08
7.15255300e+00 1.58082050e+08
7.16855200e+00 1.56270828e+08
7.18455100e+00 1.54479645e+08
7.20055000e+00 1.52708295e+08
7.21654900e+00 1.50956573e+08
7.23254800e+00 1.49224278e+08
7.24854700e+00 1.47511206e+08
7.26454600e+00 1.45817161e+08
7.28054500e+00 1.44141943e+08
7.29654400e+00 1.42485357e+08
7.31254300e+00 1.40847209e+08
7.32854200e+00 1.39227307e+08
7.34454100e+00 1.37625461e+08
7.36054000e+00 1.36041480e+08
7.37653900e+00 1.34475179e+08
7.39253800e+00 1.32926372e+08
7.40853700e+00 1.31394874e+08
7.42453600e+00 1.29880505e+08
7.44053500e+00 1.28383083e+08
7.45653400e+00 1.26902429e+08
7.47253300e+00 1.25438367e+08
7.48853200e+00 1.23990721e+08
7.50453100e+00 1.22559317e+08
7.52053000e+00 1.21143983e+08
7.53652900e+00 1.19749888e+08
7.55252800e+00 1.18366096e+08
7.56852700e+00 1.16997867e+08
7.58452600e+00 1.15645038e+08
7.60052500e+00 1.14307442e+08
7.61652400e+00 1.12984917e+08
7.63252300e+00 1.11677302e+08
7.64852200e+00 1.10384437e+08
7.66452100e+00 1.09106164e+08
7.68052000e+00 1.07842327e+08
7.69651900e+00 1.06592770e+08
7.71251800e+00 1.05357377e+08
7.72851700e+00 1.04131548e+08
7.74451600e+00 1.02923989e+08
7.76051500e+00 1.01730103e+08
7.77651400e+00 1.00549743e+08
7.79251300e+00 9.93827618e+07
7.80851200e+00 9.82290155e+07
7.82451100e+00 9.70883602e+07
7.84051000e+00 9.59606539e+07
7.85650900e+00 9.48457561e+07
7.87250800e+00 9.37472862e+07
7.88850700e+00 9.26575258e+07
7.90450600e+00 9.15801612e+07
7.92050500e+00 9.05150573e+07
7.93650400e+00 8.94620801e+07
7.95250300e+00 8.84210972e+07
7.96850200e+00 8.73919477e+07
7.98450100e+00 8.63745615e+07
8.00050000e+00 8.53687801e+07
8.01649900e+00 8.43744763e+07
8.03249800e+00 8.33883511e+07
8.04849700e+00 8.24166793e+07
8.06449600e+00 8.14561101e+07
8.08049500e+00 8.05065213e+07
8.09649400e+00 7.95677922e+07
8.11249300e+00 7.86398029e+07
8.12849200e+00 7.77224350e+07
8.14449100e+00 7.68155713e+07
8.16049000e+00 7.59190957e+07
8.17648900e+00 7.50328934e+07
8.19248800e+00 7.41569401e+07
8.20848700e+00 7.32909438e+07
8.22448600e+00 7.24348832e+07
8.24048500e+00 7.15886482e+07
8.25648400e+00 7.07521297e+07
8.27248300e+00 6.99252198e+07
8.28848200e+00 6.91078116e+07
8.30448100e+00 6.82997995e+07
8.32048000e+00 6.75010789e+07
8.33647900e+00 6.67115463e+07
8.35247800e+00 6.59310991e+07
8.36847700e+00 6.51596362e+07
8.38447600e+00 6.43970572e+07
8.40047500e+00 6.36432629e+07
8.41647400e+00 6.28981550e+07
8.43247300e+00 6.21616364e+07
8.44847200e+00 6.14336110e+07
8.46447100e+00 6.07139836e+07
8.48047000e+00 6.00026521e+07
8.49646900e+00 5.92995395e+07
8.51246800e+00 5.86045919e+07
8.52846700e+00 5.79176251e+07
8.54446600e+00 5.72385956e+07
8.56046500e+00 5.65674142e+07
8.57646400e+00 5.59039925e+07
8.59246300e+00 5.52482433e+07
8.60846200e+00 5.46000801e+07
8.62446100e+00 5.39594174e+07
8.64046000e+00 5.33261707e+07
8.65645900e+00 5.27002563e+07
8.67245800e+00 5.20815915e+07
8.68845700e+00 5.14700943e+07
8.70445600e+00 5.08656762e+07
8.72045500e+00 5.02682722e+07
8.73645400e+00 4.96777954e+07
8.75245300e+00 4.90941675e+07
8.76845200e+00 4.85173108e+07
8.78445100e+00 4.79471486e+07
8.80045000e+00 4.73836051e+07
8.81644900e+00 4.68266052e+07
8.83244800e+00 4.62760746e+07
8.84844700e+00 4.57319286e+07
8.86444600e+00 4.51941171e+07
8.88044500e+00 4.46625499e+07
8.89644400e+00 4.41371700e+07
8.91244300e+00 4.36178692e+07
8.92844200e+00 4.31046399e+07
8.94444100e+00 4.25973821e+07
8.96044000e+00 4.20960279e+07
8.97643900e+00 4.16005100e+07
8.99243800e+00 4.11107617e+07
9.00843700e+00 4.06267174e+07
9.02443600e+00 4.01483118e+07
9.04043500e+00 3.96754806e+07
9.05643400e+00 3.92081602e+07
9.07243300e+00 3.87462874e+07
9.08843200e+00 3.82898001e+07
9.10443100e+00 3.78386367e+07
9.12043000e+00 3.73927361e+07
9.13642900e+00 3.69520383e+07
9.15242800e+00 3.65164835e+07
9.16842700e+00 3.60860128e+07
9.18442600e+00 3.56605681e+07
9.20042500e+00 3.52400916e+07
9.21642400e+00 3.48245263e+07
9.23242300e+00 3.44138160e+07
9.24842200e+00 3.40079048e+07
9.26442100e+00 3.36067629e+07
9.28042000e+00 3.32102850e+07
9.29641900e+00 3.28184429e+07
9.31241800e+00 3.24311830e+07
9.32841700e+00 3.20484528e+07
9.34441600e+00 3.16702002e+07
9.36041500e+00 3.12963735e+07
9.37641400e+00 3.09269219e+07
9.39241300e+00 3.05617949e+07
9.40841200e+00 3.02009427e+07
9.42441100e+00 2.98443161e+07
9.44041000e+00 2.94918662e+07
9.45640900e+00 2.91435450e+07
9.47240800e+00 2.87993049e+07
9.48840700e+00 2.84590978e+07
9.50440600e+00 2.81228794e+07
9.52040500e+00 2.77906017e+07
9.53640400e+00 2.74622198e+07
9.55240300e+00 2.71376886e+07
9.56840200e+00 2.68169636e+07
9.58440100e+00 2.65000008e+07
9.60040000e+00 2.61867567e+07
9.61639900e+00 2.58771882e+07
9.63239800e+00 2.55712528e+07
9.64839700e+00 2.52689085e+07
9.66439600e+00 2.49701136e+07
9.68039500e+00 2.46748270e+07
9.69639400e+00 2.43830082e+07
9.71239300e+00 2.40946167e+07
9.72839200e+00 2.38096131e+07
9.74439100e+00 2.35279579e+07
9.76039000e+00 2.32496123e+07
9.77638900e+00 2.29745482e+07
9.79238800e+00 2.27027069e+07
9.80838700e+00 2.24340613e+07
9.82438600e+00 2.21685743e+07
9.84038500e+00 2.19062091e+07
9.85638400e+00 2.16469295e+07
9.87238300e+00 2.13906997e+07
9.88838200e+00 2.11374842e+07
9.90438100e+00 2.08872466e+07
9.92038000e+00 2.06399548e+07
9.93637900e+00 2.03955734e+07
9.95237800e+00 2.01540684e+07
9.96837700e+00 1.99154064e+07
9.98437600e+00 1.96795542e+07
1.00003750e+01 1.94464792e+07
1.00163740e+01 1.92161489e+07
1.00323730e+01 1.89885315e+07
1.00483720e+01 1.87635952e+07
1.00643710e+01 1.85413089e+07
1.00803700e+01 1.83216416e+07
1.00963690e+01 1.81045628e+07
1.01123680e+01 1.78900422e+07
1.01283670e+01 1.76780502e+07
1.01443660e+01 1.74685570e+07
1.01603650e+01 1.72615337e+07
1.01763640e+01 1.70569512e+07
1.01923630e+01 1.68547812e+07
1.02083620e+01 1.66549955e+07
1.02243610e+01 1.64575661e+07
1.02403600e+01 1.62624656e+07
1.02563590e+01 1.60696668e+07
1.02723580e+01 1.58791427e+07
1.02883570e+01 1.56908667e+07
1.03043560e+01 1.55048126e+07
1.03203550e+01 1.53209543e+07
1.03363540e+01 1.51392662e+07
1.03523530e+01 1.49597229e+07
1.03683520e+01 1.47822993e+07
1.03843510e+01 1.46069706e+07
1.04003500e+01 1.44337121e+07
1.04163490e+01 1.42624998e+07
1.04323480e+01 1.40933096e+07
1.04483470e+01 1.39261175e+07
1.04643460e+01 1.37609007e+07
1.04803450e+01 1.35976359e+07
1.04963440e+01 1.34363001e+07
1.05123430e+01 1.32768706e+07
1.05283420e+01 1.31190067e+07
1.05443410e+01 1.29633271e+07
1.05603400e+01 1.28094876e+07
1.05763390e+01 1.26574667e+07
1.05923380e+01 1.25072429e+07
1.06083370e+01 1.23587952e+07
1.06243360e+01 1.22121027e+07
1.06403350e+01 1.20671449e+07
1.06563340e+01 1.19239013e+07
1.06723330e+01 1.17823519e+07
1.06883320e+01 1.16424767e+07
1.07043310e+01 1.15042561e+07
1.07203300e+01 1.13676706e+07
1.07363290e+01 1.12327011e+07
1.07523280e+01 1.10993284e+07
1.07683270e+01 1.09675340e+07
1.07843260e+01 1.08372992e+07
1.08003250e+01 1.07086056e+07
1.08163240e+01 1.05814352e+07
1.08323230e+01 1.04557701e+07
1.08483220e+01 1.03315924e+07
1.08643210e+01 1.02088849e+07
1.08803200e+01 1.00876300e+07
1.08963190e+01 9.96781087e+06
1.09123180e+01 9.84941046e+06
1.09283170e+01 9.73241211e+06
1.09443160e+01 9.61679931e+06
1.09603150e+01 9.50255576e+06
1.09763140e+01 9.38966532e+06
1.09923130e+01 9.27811208e+06
1.10083120e+01 9.16788027e+06
1.10243110e+01 9.05895433e+06
1.10403100e+01 8.95131889e+06
1.10563090e+01 8.84495873e+06
1.10723080e+01 8.73985883e+06
1.10883070e+01 8.63600433e+06
1.11043060e+01 8.53338056e+06
1.11203050e+01 8.43197301e+06
1.11363040e+01 8.33176734e+06
1.11523030e+01 8.23274938e+06
1.11683020e+01 8.13490513e+06
1.11843010e+01 8.03822074e+06
1.12003000e+01 7.94268253e+06
1.12162990e+01 7.84827699e+06
1.12322980e+01 7.75499075e+06
1.12482970e+01 7.66281061e+06
1.12642960e+01 7.57172351e+06
1.12802950e+01 7.48171655e+06
1.12962940e+01 7.39277699e+06
1.13122930e+01 7.30489223e+06
1.13282920e+01 7.21804981e+06
1.13442910e+01 7.13223744e+06
1.13602900e+01 7.04744294e+06
1.13762890e+01 6.96365429e+06
1.13922880e+01 6.88085963e+06
1.14082870e+01 6.79904721e+06
1.14242860e+01 6.71820542e+06
1.14402850e+01 6.63832281e+06
1.14562840e+01 6.55938803e+06
1.14722830e+01 6.48138990e+06
1.14882820e+01 6.40431733e+06
1.15042810e+01 6.32815941e+06
1.15202800e+01 6.25290530e+06
1.15362790e+01 6.17854433e+06
1.15522780e+01 6.10506595e+06
1.15682770e+01 6.03245972e+06
1.15842760e+01 5.96071532e+06
1.16002750e+01 5.88982258e+06
1.16162740e+01 5.81977140e+06
1.16322730e+01 5.75055185e+06
1.16482720e+01 5.68215409e+06
1.16642710e+01 5.61456840e+06
1.16802700e+01 5.54778517e+06
1.16962690e+01 5.48179490e+06
1.17122680e+01 5.41658822e+06
1.17282670e+01 5.35215586e+06
1.17442660e+01 5.28848865e+06
1.17602650e+01 5.22557753e+06
1.17762640e+01 5.16341357e+06
1.17922630e+01 5.10198791e+06
1.18082620e+01 5.04129181e+06
1.18242610e+01 4.98131665e+06
1.18402600e+01 4.92212445e+06
1.18562590e+01 4.86356361e+06
1.18722580e+01 4.80569841e+06
1.18882570e+01 4.74852062e+06
1.19042560e+01 4.69202210e+06
1.19202550e+01 4.63619481e+06
1.19362540e+01 4.58103079e+06
1.19522530e+01 4.52652220e+06
1.19682520e+01 4.47266126e+06
1.19842510e+01 4.41944030e+06
1.20002500e+01 4.36685175e+06
1.20162490e+01 4.31488811e+06
1.20322480e+01 4.26354197e+06
1.20482470e+01 4.21280602e+06
1.20642460e+01 4.16267303e+06
1.20802450e+01 4.11313584e+06
1.20962440e+01 4.06418741e+06
1.21122430e+01 4.01582075e+06
1.21282420e+01 3.96802897e+06
1.21442410e+01 3.92080525e+06
1.21602400e+01 3.87414285e+06
1.21762390e+01 3.82803513e+06
1.21922380e+01 3.78247550e+06
1.22082370e+01 3.73745747e+06
1.22242360e+01 3.69297462e+06
1.22402350e+01 3.64902060e+06
1.22562340e+01 3.60558913e+06
1.22722330e+01 3.56267419e+06
1.22882320e+01 3.52026932e+06
1.23042310e+01 3.47836863e+06
1.23202300e+01 3.43696615e+06
1.23362290e+01 3.39605595e+06
1.23522280e+01 3.35563221e+06
1.23682270e+01 3.31568916e+06
1.23842260e+01 3.27622108e+06
1.24002250e+01 3.23722235e+06
1.24162240e+01 3.19868739e+06
1.24322230e+01 3.16061070e+06
1.24482220e+01 3.12298684e+06
1.24642210e+01 3.08581045e+06
1.24802200e+01 3.04907620e+06
1.24962190e+01 3.01277885e+06
1.25122180e+01 2.97691322e+06
1.25282170e+01 2.94147418e+06
1.25442160e+01 2.90645667e+06
1.25602150e+01 2.87185567e+06
1.25762140e+01 2.83766626e+06
1.25922130e+01 2.80388354e+06
1.26082120e+01 2.77050268e+06
1.26242110e+01 2.73751892e+06
1.26402100e+01 2.70492753e+06
1.26562090e+01 2.67272386e+06
1.26722080e+01 2.64090331e+06
1.26882070e+01 2.60946131e+06
1.27042060e+01 2.57839339e+06
1.27202050e+01 2.54769509e+06
1.27362040e+01 2.51736203e+06
1.27522030e+01 2.48738987e+06
1.27682020e+01 2.45777431e+06
1.27842010e+01 2.42851114e+06
1.28002000e+01 2.39959615e+06
1.28161990e+01 2.37102521e+06
1.28321980e+01 2.34279424e+06
1.28481970e+01 2.31489920e+06
1.28641960e+01 2.28733609e+06
1.28801950e+01 2.26010098e+06
1.28961940e+01 2.23318996e+06
1.29121930e+01 2.20659919e+06
1.29281920e+01 2.18032485e+06
1.29441910e+01 2.15436319e+06
1.29601900e+01 2.12871050e+06
1.29761890e+01 2.10336309e+06
1.29921880e+01 2.07831735e+06
1.30081870e+01 2.05356969e+06
1.30241860e+01 2.02911656e+06
1.30401850e+01 2.00495447e+06
1.30561840e+01 1.98107995e+06
1.30721830e+01 1.95748959e+06
1.30881820e+01 1.93418001e+06
1.31041810e+01 1.91114787e+06
1.31201800e+01 1.88838853e+06
1.31361790e+01 1.86590143e+06
1.31521780e+01 1.84368200e+06
1.31681770e+01 1.82172705e+06
1.31841760e+01 1.80003344e+06
1.32001750e+01 1.77859806e+06
1.32161740e+01 1.75741784e+06
1.32321730e+01 1.73648974e+06
1.32481720e+01 1.71581077e+06
1.32641710e+01 1.69537797e+06
1.32801700e+01 1.67518841e+06
1.32961690e+01 1.65523919e+06
1.33121680e+01 1.63552746e+06
1.33281670e+01 1.61605040e+06
1.33441660e+01 1.59680521e+06
1.33601650e+01 1.57779024e+06
1.33761640e+01 1.55900054e+06
1.33921630e+01 1.54043454e+06
1.34081620e+01 1.52208958e+06
1.34241610e+01 1.50396302e+06
1.34401600e+01 1.48605227e+06
1.34561590e+01 1.46835477e+06
1.34721580e+01 1.45086798e+06
1.34881570e+01 1.43358938e+06
1.35041560e+01 1.41651651e+06
1.35201550e+01 1.39964692e+06
1.35361540e+01 1.38297818e+06
1.35521530e+01 1.36650792e+06
1.35681520e+01 1.35023376e+06
1.35841510e+01 1.33415338e+06
1.36001500e+01 1.31826446e+06
1.36161490e+01 1.30256474e+06
1.36321480e+01 1.28705195e+06
1.36481470e+01 1.27172389e+06
1.36641460e+01 1.25657834e+06
1.36801450e+01 1.24161313e+06
1.36961440e+01 1.22682528e+06
1.37121430e+01 1.21221437e+06
1.37281420e+01 1.19777745e+06
1.37441410e+01 1.18351244e+06
1.37601400e+01 1.16941729e+06
1.37761390e+01 1.15549000e+06
1.37921380e+01 1.14172855e+06
1.38081370e+01 1.12813098e+06
1.38241360e+01 1.11469533e+06
1.38401350e+01 1.10141969e+06
1.38561340e+01 1.08830214e+06
1.38721330e+01 1.07534080e+06
1.38881320e+01 1.06253381e+06
1.39041310e+01 1.04987934e+06
1.39201300e+01 1.03737558e+06
1.39361290e+01 1.02502072e+06
1.39521280e+01 1.01281299e+06
1.39681270e+01 1.00075065e+06
1.39841260e+01 9.88832946e+05
1.40001250e+01 9.77056190e+05
1.40161240e+01 9.65419689e+05
1.40321230e+01 9.53921772e+05
1.40481220e+01 9.42560789e+05
1.40641210e+01 9.31335112e+05
1.40801200e+01 9.20243129e+05
1.40961190e+01 9.09283248e+05
1.41121180e+01 8.98453897e+05
1.41281170e+01 8.87636268e+05
1.41441160e+01 8.77064692e+05
1.41601150e+01 8.66619025e+05
1.41761140e+01 8.56297766e+05
1.41921130e+01 8.46099436e+05
1.42081120e+01 8.36022571e+05
1.42241110e+01 8.26065724e+05
1.42401100e+01 8.16227467e+05
1.42561090e+01 8.06506388e+05
1.42721080e+01 7.96901091e+05
1.42881070e+01 7.87410198e+05
1.43041060e+01 7.78032346e+05
1.43201050e+01 7.68766191e+05
1.43361040e+01 7.59610401e+05
1.43521030e+01 7.50563663e+05
1.43681020e+01 7.41624678e+05
1.43841010e+01 7.32792163e+05
1.44001000e+01 7.24064851e+05
1.44160990e+01 7.15441488e+05
1.44320980e+01 7.06920837e+05
1.44480970e+01 6.98501675e+05
1.44640960e+01 6.90182793e+05
1.44800950e+01 6.81962997e+05
1.44960940e+01 6.73841107e+05
1.45120930e+01 6.65815957e+05
1.45280920e+01 6.57886395e+05
1.45440910e+01 6.50051284e+05
1.45600900e+01 6.42309497e+05
1.45760890e+01 6.34659924e+05
1.45920880e+01 6.27101466e+05
1.46080870e+01 6.19633039e+05
1.46240860e+01 6.12253570e+05
1.46400850e+01 6.04962000e+05
1.46560840e+01 5.97757281e+05
1.46720830e+01 5.90638380e+05
1.46880820e+01 5.83604275e+05
1.47040810e+01 5.76653955e+05
1.47200800e+01 5.69786423e+05
1.47360790e+01 5.63000693e+05
1.47520780e+01 5.56295790e+05
1.47680770e+01 5.49670752e+05
1.47840760e+01 5.43124627e+05
1.48000750e+01 5.36656477e+05
1.48160740e+01 5.30265371e+05
1.48320730e+01 5.23950392e+05
1.48480720e+01 5.17710635e+05
1.48640710e+01 5.11545201e+05
1.48800700e+01 5.05453208e+05
1.48960690e+01 4.99433779e+05
1.49120680e+01 4.93486050e+05
1.49280670e+01 4.87609168e+05
1.49440660e+01 4.81802288e+05
1.49600650e+01 4.76064577e+05
1.49760640e+01 4.70395211e+05
1.49920630e+01 4.64793376e+05
1.50080620e+01 4.59258267e+05
1.50240610e+01 4.53789089e+05
1.50400600e+01 4.48385092e+05
1.50560590e+01 4.43045431e+05
1.50720580e+01 4.37769373e+05
1.50880570e+01 4.32556161e+05
1.51040560e+01 4.27405046e+05
1.51200550e+01 4.22315288e+05
1.51360540e+01 4.17286158e+05
1.51520530e+01 4.12316932e+05
1.51680520e+01 4.07406896e+05
1.51840510e+01 4.02555347e+05
1.52000500e+01 3.97761587e+05
1.52160490e+01 3.93024927e+05
1.52320480e+01 3.88344688e+05
1.52480470e+01 3.83720197e+05
1.52640460e+01 3.79150791e+05
1.52800450e+01 3.74635813e+05
1.52960440e+01 3.70174615e+05
1.53120430e+01 3.65766556e+05
1.53280420e+01 3.61411003e+05
1.53440410e+01 3.57107330e+05
1.53600400e+01 3.52854921e+05
1.53760390e+01 3.48653163e+05
1.53920380e+01 3.44501454e+05
1.54080370e+01 3.40399197e+05
1.54240360e+01 3.36390237e+05
1.54400350e+01 3.32384588e+05
1.54560340e+01 3.28426652e+05
1.54720330e+01 3.24515859e+05
1.54880320e+01 3.20651648e+05
1.55040310e+01 3.16833465e+05
1.55200300e+01 3.13060761e+05
1.55360290e+01 3.09332994e+05
1.55520280e+01 3.05649629e+05
1.55680270e+01 3.02010136e+05
1.55840260e+01 2.98413994e+05
1.56000250e+01 2.94860686e+05
1.56160240e+01 2.91349702e+05
1.56320230e+01 2.87880536e+05
1.56480220e+01 2.84452692e+05
1.56640210e+01 2.81065677e+05
1.56800200e+01 2.77719004e+05
1.56960190e+01 2.74412194e+05
1.57120180e+01 2.71144770e+05
1.57280170e+01 2.67916264e+05
1.57440160e+01 2.64726212e+05
1.57600150e+01 2.61574156e+05
1.57760140e+01 2.58459644e+05
1.57920130e+01 2.55382228e+05
1.58080120e+01 2.52341466e+05
1.58240110e+01 2.49336922e+05
1.58400100e+01 2.46368163e+05
1.58560090e+01 2.43434765e+05
1.58720080e+01 2.40536305e+05
1.58880070e+01 2.37672588e+05
1.59040060e+01 2.34842759e+05
1.59200050e+01 2.32046635e+05
1.59360040e+01 2.29283814e+05
1.59520030e+01 2.26553899e+05
1.59680020e+01 2.23856499e+05
1.59840010e+01 2.21191226e+05
